# time(ns) distance (A) angle (deg)
289.020 2.500 113.533
289.030 2.680 117.218
289.130 2.530 83.864
289.910 2.430 113.390
330.670 1.820 103.602
330.680 2.100 99.440
330.690 2.280 84.222
330.700 2.020 93.003
330.720 2.390 94.444
330.730 1.950 98.499
330.740 1.890 98.757
330.750 2.060 94.076
330.760 2.250 104.827
330.780 2.730 132.137
330.810 2.490 118.138
330.820 1.970 102.594
330.830 2.780 122.892
330.850 2.590 129.562
330.870 2.740 120.309
330.940 2.250 112.329
330.970 2.690 131.400
330.980 1.870 100.658
330.990 2.180 86.763
331.000 1.920 105.398
331.010 2.070 108.161
331.030 2.060 107.376
331.050 2.190 94.773
331.060 2.270 108.278
331.070 2.260 118.449
331.080 2.050 106.005
331.100 2.490 113.261
331.110 2.030 93.014
331.120 2.260 121.282
331.130 2.060 110.938
331.140 2.720 132.296
331.170 2.230 131.282
331.210 2.510 130.834
331.220 2.270 121.723
331.230 2.490 109.368
331.240 2.660 119.432
331.270 2.680 128.621
331.310 2.780 129.460
331.320 2.650 130.354
331.330 2.150 94.439
331.340 2.020 97.394
331.350 2.080 106.062
331.360 2.200 121.021
331.370 2.430 104.093
331.390 2.200 96.838
331.400 2.400 126.519
331.410 2.370 116.967
331.430 2.700 136.762
331.450 2.090 119.323
331.510 2.580 113.033
331.520 2.700 128.312
331.550 2.600 95.805
331.580 2.010 100.824
331.590 2.240 108.666
331.600 1.800 95.485
331.610 2.020 84.785
331.630 2.130 81.556
331.640 1.950 83.905
331.660 2.550 130.118
331.670 2.620 130.611
331.680 2.250 144.689
331.690 2.650 106.133
331.700 2.020 102.311
331.710 2.030 87.090
331.720 2.660 129.081
331.750 2.200 80.521
331.770 2.320 91.629
331.780 2.720 98.178
331.790 2.060 103.302
331.800 2.040 109.518
331.810 2.060 96.596
331.820 1.960 115.562
331.840 2.700 130.288
331.860 2.550 106.817
331.900 2.140 94.281
331.910 2.280 92.015
331.920 2.090 80.407
331.970 2.080 102.029
331.980 1.930 93.899
331.990 1.850 93.403
332.000 2.100 95.923
332.110 2.700 107.829
332.120 2.240 120.765
332.160 2.560 134.222
332.170 2.770 121.709
332.200 2.500 136.458
332.220 2.370 84.714
332.230 2.480 130.375
332.240 2.380 110.085
332.250 2.290 100.654
332.260 2.580 131.170
332.280 2.370 135.297
332.290 2.600 103.907
332.400 2.410 89.016
332.410 2.310 103.257
332.420 2.350 110.210
332.440 2.700 90.537
332.470 1.920 110.791
332.480 2.180 94.709
332.510 1.850 105.541
332.520 2.570 109.866
332.530 2.780 126.324
332.540 2.470 107.267
332.550 2.030 98.908
332.560 2.190 119.601
332.570 2.450 98.146
332.580 2.010 95.818
332.700 2.780 138.837
332.750 1.990 93.112
332.760 2.070 93.330
332.770 1.970 84.374
332.780 2.010 81.729
332.790 2.130 104.469
332.820 2.150 80.622
332.830 1.940 98.420
332.840 2.090 93.944
332.860 1.910 83.440
332.870 2.330 107.297
332.880 2.100 90.379
332.890 2.320 93.043
332.900 2.120 114.351
332.910 2.290 98.392
332.920 2.270 89.768
332.930 2.060 85.027
332.940 2.300 88.718
332.950 2.250 92.122
332.960 2.440 96.701
332.970 2.690 101.631
332.980 2.070 104.294
332.990 2.680 93.677
333.050 2.340 102.183
333.060 1.930 120.253
333.080 2.090 91.069
333.100 2.740 131.078
333.110 2.460 125.356
333.140 2.770 124.163
333.170 2.790 136.555
333.200 2.190 134.209
333.220 2.730 108.377
333.230 2.730 144.968
333.280 1.880 95.396
333.400 2.650 120.474
333.410 2.660 122.068
333.480 2.620 108.302
333.530 2.640 135.154
333.540 2.740 134.704
333.560 2.770 143.611
333.660 2.720 135.192
333.670 2.430 126.755
333.690 2.750 124.935
333.710 2.560 124.679
333.720 2.430 132.775
333.740 2.550 136.776
333.840 1.880 87.953
333.850 2.030 84.849
333.860 1.890 83.286
333.880 2.020 88.476
333.900 2.140 104.334
333.910 2.020 83.019
333.920 2.360 93.764
333.930 2.220 87.958
333.940 2.090 94.926
333.950 1.820 83.513
333.960 1.850 85.101
333.970 2.090 91.501
333.980 1.920 83.040
334.000 2.490 93.284
334.040 2.020 83.413
334.210 1.980 94.838
334.250 2.790 90.694
334.260 2.600 121.965
334.270 2.500 118.230
334.290 2.220 120.389
334.340 2.670 99.432
334.350 2.600 115.254
334.360 2.690 107.617
334.370 2.140 93.431
334.380 1.960 107.999
334.390 2.140 81.632
334.400 2.220 95.663
334.420 2.560 113.052
334.440 2.710 139.191
334.460 2.740 137.285
334.590 2.600 130.650
334.600 2.320 111.989
334.630 2.520 131.946
334.640 2.670 139.399
334.650 2.640 123.703
334.660 2.780 127.505
334.670 2.310 132.876
334.680 2.270 105.701
334.690 2.380 92.270
334.700 2.350 117.495
334.730 2.670 142.881
334.750 2.280 99.651
334.760 2.280 89.920
334.770 2.620 126.615
334.860 2.480 139.990
334.870 2.580 135.804
334.880 2.410 121.887
334.890 2.160 96.006
334.960 2.270 81.204
334.970 2.440 105.914
334.990 2.630 121.667
335.040 2.080 95.604
335.170 2.200 118.006
335.220 2.710 118.085
335.250 2.020 82.064
335.260 2.100 106.293
335.270 2.590 143.626
335.280 2.710 84.003
335.300 2.420 130.604
335.370 1.960 86.044
335.400 2.230 99.665
335.410 2.350 98.920
335.460 2.700 138.195
335.470 2.580 144.738
335.480 2.600 132.545
335.490 2.230 89.814
335.500 2.500 85.017
335.510 2.720 113.349
335.660 2.640 132.396
335.670 2.580 113.988
335.680 2.740 134.349
335.710 2.690 147.202
335.730 2.580 128.662
335.790 2.470 118.319
335.810 2.230 96.407
335.820 2.070 91.564
335.830 2.240 107.832
335.840 2.170 80.799
335.850 2.530 139.893
335.860 2.530 131.782
335.870 2.570 132.638
335.880 2.270 103.487
335.890 2.680 133.277
335.900 2.610 110.598
335.910 2.690 126.693
335.920 2.660 117.753
336.080 2.400 143.565
336.300 2.660 119.563
336.310 2.560 137.962
336.320 2.530 106.692
336.390 2.470 124.612
336.400 2.530 112.582
336.410 2.270 81.972
336.430 2.220 99.298
336.440 2.590 109.330
336.450 1.900 84.152
336.460 2.430 106.562
336.480 2.030 93.014
336.500 2.140 105.863
336.510 2.280 84.849
336.520 2.480 83.944
336.540 2.420 111.234
336.550 2.480 127.009
336.570 2.760 135.083
336.590 2.490 125.417
336.600 2.520 134.612
336.620 2.440 125.779
336.630 2.640 99.902
336.640 2.590 120.792
336.660 2.690 136.820
336.670 2.410 120.171
336.690 2.540 131.708
336.700 2.770 126.515
336.710 2.720 123.312
336.730 2.400 119.481
336.780 2.320 82.334
336.800 2.200 88.648
336.810 2.070 89.751
336.820 1.940 97.770
336.830 2.630 105.909
336.840 2.210 106.427
336.850 2.290 110.278
336.860 2.140 103.309
336.880 2.260 98.521
336.890 2.610 80.901
336.900 2.450 103.666
336.910 2.700 150.169
336.920 2.680 119.663
336.950 2.210 93.493
336.960 2.370 89.200
336.980 2.110 99.421
336.990 2.090 80.555
337.000 2.740 98.953
337.010 2.650 108.598
337.020 2.310 116.131
337.030 2.530 132.075
337.040 2.420 129.035
337.050 2.550 124.567
337.070 2.410 122.332
337.080 2.520 114.461
337.090 1.990 86.608
337.100 2.280 130.044
337.110 2.750 129.967
337.120 2.630 131.009
337.130 2.410 127.073
337.140 2.270 104.821
337.150 2.340 119.697
337.170 1.900 96.053
337.190 2.670 127.214
337.200 2.490 146.531
337.210 2.670 131.530
337.220 2.040 116.463
337.230 2.610 113.126
337.240 2.420 121.608
337.250 2.750 155.432
337.260 2.360 112.424
337.270 2.400 99.234
337.280 2.500 116.899
337.290 2.270 111.688
337.300 2.490 143.821
337.310 2.260 125.215
337.320 2.380 140.842
337.330 2.250 140.298
337.340 2.230 94.231
337.350 1.820 97.346
337.360 2.210 96.314
337.370 2.330 92.057
337.400 2.000 92.127
337.410 2.080 80.194
337.420 2.530 90.851
337.440 1.980 87.024
337.490 2.240 99.548
337.510 2.560 137.476
337.520 2.480 93.172
337.660 2.470 82.333
337.790 2.660 118.047
337.800 2.660 124.283
337.810 2.660 117.414
337.820 2.590 119.978
337.830 2.490 127.014
337.840 2.420 97.784
337.850 2.630 121.491
337.860 2.710 115.342
337.870 2.210 97.509
337.880 2.150 99.427
337.890 2.410 80.432
337.900 2.300 91.740
337.910 2.060 88.294
337.920 2.530 128.170
337.940 2.520 126.715
337.950 2.680 131.568
337.960 2.330 108.898
338.020 1.970 95.579
338.050 2.020 87.319
338.070 2.670 81.721
338.080 2.230 80.314
338.120 2.390 102.012
338.130 2.290 89.896
338.150 2.580 141.103
338.210 2.430 125.670
338.250 2.130 93.618
338.270 2.770 89.717
338.320 2.000 103.072
338.410 2.630 136.853
338.440 1.980 90.775
338.450 2.360 84.001
338.470 2.370 101.067
338.480 2.470 97.317
338.520 2.750 99.196
338.550 2.520 127.458
338.620 2.420 95.548
338.630 2.180 83.952
338.640 2.070 117.379
338.650 2.290 106.290
338.660 2.290 82.764
338.680 2.350 101.906
338.690 2.200 89.567
338.700 2.390 137.846
338.710 2.750 133.832
338.780 2.030 93.836
338.790 2.660 132.509
338.800 2.600 100.284
338.810 2.440 134.489
338.850 2.270 89.042
338.860 2.520 122.060
338.870 2.510 127.966
338.880 2.760 129.895
338.890 2.470 126.636
338.900 2.300 85.737
338.910 2.190 114.510
338.930 2.380 92.965
338.940 2.280 126.364
339.050 2.370 87.108
339.070 2.020 89.648
339.150 2.650 97.263
339.170 2.630 128.105
339.220 2.110 91.598
339.240 2.550 101.083
339.560 2.710 108.633
339.570 2.580 129.230
339.700 2.490 120.055
339.710 2.540 123.380
339.720 2.520 138.201
339.730 2.790 151.761
339.740 2.190 100.258
339.750 2.560 115.917
339.760 2.100 103.009
339.780 2.490 114.288
339.790 2.200 119.503
339.800 2.290 96.391
339.810 1.820 89.793
339.820 2.680 129.294
339.830 2.130 108.147
346.430 2.710 88.482
346.440 2.520 121.027
346.500 2.180 116.741
346.510 2.210 122.557
346.520 2.140 104.967
346.530 2.530 128.193
346.540 2.320 107.403
346.550 1.970 100.026
346.560 1.780 92.660
346.570 2.030 106.151
346.580 2.740 116.693
346.590 2.540 99.852
346.640 2.720 114.557
346.670 2.310 113.237
346.680 1.920 97.958
346.910 2.210 101.038
346.920 1.960 96.509
346.940 2.140 115.414
346.950 1.830 103.773
346.960 2.130 95.939
347.010 1.930 102.939
347.020 2.420 114.894
347.030 1.990 107.098
347.040 2.300 118.928
347.050 1.850 107.315
347.060 2.290 123.948
347.070 2.130 101.567
347.080 2.040 100.166
347.090 1.930 97.077
347.100 2.190 94.326
347.130 2.380 102.273
347.140 1.950 94.767
347.150 2.600 104.130
347.160 1.930 93.190
347.170 2.650 119.553
347.300 1.910 107.784
347.310 2.150 86.368
347.320 1.910 95.284
347.330 2.510 90.833
347.340 2.100 119.570
347.350 2.220 91.931
347.360 2.510 104.680
347.370 2.300 104.311
347.380 1.800 89.447
347.390 2.150 108.529
347.400 2.280 108.131
347.410 1.880 103.902
347.420 2.110 101.046
347.440 2.560 108.719
347.450 2.610 105.167
347.460 2.720 115.407
347.480 2.740 115.571
347.490 2.500 101.566
347.510 2.750 92.181
347.520 2.650 117.697
347.620 2.540 110.520
347.630 2.750 119.567
347.660 2.720 109.609
347.680 2.260 89.862
347.710 2.120 100.368
347.730 1.960 102.447
347.740 2.020 95.197
347.760 2.760 128.376
347.770 2.120 106.938
347.780 1.970 110.059
347.790 2.310 91.543
347.810 2.610 91.881
347.820 2.410 112.807
347.830 2.410 112.511
347.840 2.280 117.097
347.850 2.210 110.950
347.860 2.160 113.450
347.870 2.320 89.085
347.890 1.990 102.517
347.900 1.980 114.269
347.910 2.180 117.303
347.920 2.090 107.476
348.250 2.010 114.754
348.260 2.350 116.309
348.270 2.350 129.004
348.280 2.420 85.479
348.290 2.370 122.617
348.300 2.630 86.075
348.350 2.530 84.301
348.360 1.970 80.705
348.400 2.730 117.512
348.420 2.700 116.375
348.440 2.160 111.896
348.450 2.230 110.891
348.460 2.280 117.380
348.470 2.120 96.144
348.480 2.560 99.480
348.500 2.270 110.473
348.510 2.500 95.632
348.520 1.900 94.742
348.530 2.380 105.953
348.540 2.200 87.175
348.680 2.550 81.131
348.700 2.230 89.919
348.710 2.210 100.678
348.720 2.300 118.714
348.730 2.090 93.391
348.740 2.160 82.000
348.750 2.220 100.563
348.760 2.500 117.366
348.770 2.000 93.956
348.780 2.080 105.448
348.790 1.840 105.177
348.800 2.000 93.965
348.830 2.660 116.813
348.840 2.580 113.055
348.860 2.700 123.851
348.900 2.440 113.224
348.920 1.780 99.094
348.930 2.690 106.447
348.980 2.780 127.858
349.050 2.580 126.366
349.120 2.520 127.350
349.130 1.890 102.252
349.160 1.860 90.863
349.170 2.440 85.585
349.200 2.190 86.606
349.210 2.620 95.434
349.220 2.680 120.538
349.260 2.720 118.879
349.350 2.670 108.024
349.410 2.460 111.186
349.420 2.280 118.592
349.690 2.570 112.530
349.700 2.130 121.376
349.720 2.580 112.368
349.740 2.380 129.169
349.750 2.660 135.280
349.780 2.140 105.508
349.790 2.720 140.746
349.800 2.670 94.768
349.810 2.770 112.452
349.850 2.700 95.253
349.890 2.310 123.241
349.910 2.470 132.889
349.920 2.240 131.753
349.930 2.150 126.530
349.940 2.210 117.784
349.970 2.290 91.896
349.980 2.610 134.869
349.990 2.720 143.912
402.620 2.490 126.542
402.640 2.010 92.208
402.680 2.370 103.114
402.800 2.720 131.882
402.820 2.750 103.495
402.950 2.140 88.941
402.960 2.590 106.217
403.020 2.140 83.746
403.030 2.680 121.775
403.040 2.740 118.361
403.090 2.520 119.017
403.140 2.440 115.713
403.150 2.490 123.581
403.160 2.740 102.795
403.190 2.010 83.951
403.200 2.680 119.116
403.210 2.740 132.136
403.240 2.460 106.855
403.330 2.560 122.444
403.370 2.700 110.806
403.380 2.700 138.469
403.390 2.480 111.720
403.400 2.680 125.656
403.420 2.750 125.817
403.470 2.550 115.923
403.500 2.680 96.197
403.510 2.630 116.059
403.530 1.900 86.549
403.540 2.600 109.315
404.630 2.770 119.808
404.650 2.080 84.803
404.660 2.370 106.179
404.670 2.740 117.319
404.680 2.760 125.704
404.690 2.680 114.421
404.700 2.490 91.625
404.840 2.590 113.846
404.850 2.730 108.187
404.870 2.760 135.745
404.890 2.560 127.328
404.960 2.720 124.300
404.980 2.680 126.912
404.990 2.730 128.918
405.000 2.620 130.397
405.010 2.690 136.142
405.070 2.630 130.139
405.080 2.610 127.036
405.090 2.030 84.242
405.110 2.470 100.261
405.120 2.470 138.463
405.130 2.700 138.822
405.140 2.250 127.999
405.200 2.220 88.732
405.220 2.630 120.769
405.250 2.400 110.812
405.260 1.900 91.256
405.280 2.370 92.984
405.290 2.760 124.912
405.330 2.700 125.687
405.380 2.740 101.228
405.430 2.280 92.323
405.450 2.440 107.269
405.490 2.570 101.762
405.510 2.100 90.780
405.650 2.590 92.742
405.680 2.730 127.303
405.690 2.480 105.658
405.710 2.120 91.006
405.720 2.110 90.637
405.730 2.770 121.383
405.740 2.700 100.151
405.760 2.660 111.494
405.850 2.030 84.589
405.980 2.330 107.675
406.000 1.880 86.011
406.050 2.780 105.543
406.070 2.610 81.947
406.140 2.530 109.552
406.150 2.550 115.973
406.200 2.370 113.597
406.250 1.970 99.983
406.260 2.030 83.324
406.280 2.580 129.566
406.290 2.770 133.602
406.380 2.610 117.824
406.390 2.750 115.798
406.400 2.570 132.126
406.410 2.410 100.239
406.450 1.900 96.350
406.530 1.740 86.053
406.590 2.690 110.910
406.600 2.650 107.740
406.750 2.740 110.791
406.770 2.480 110.385
406.810 2.010 87.543
406.820 2.150 93.284
406.970 1.980 81.271
406.980 1.970 86.009
407.070 2.750 123.135
407.150 2.170 104.414
407.240 2.600 104.558
407.250 2.770 118.389
407.300 2.430 100.712
407.310 2.210 120.159
407.330 2.060 91.497
407.350 2.710 115.809
407.370 2.380 118.486
407.450 2.660 118.069
407.480 2.750 124.651
407.560 2.780 124.253
407.570 2.090 118.768
407.600 2.540 107.417
407.620 2.700 116.052
407.630 2.700 117.643
407.640 2.660 107.851
407.680 2.610 120.673
407.700 2.190 91.641
407.740 2.680 118.619
407.770 2.510 127.443
407.790 2.060 90.088
407.800 2.040 82.650
407.820 2.650 107.801
407.840 2.420 98.180
407.960 2.130 104.945
408.150 2.590 119.416
408.180 1.920 87.926
408.270 2.730 100.817
408.280 2.340 128.230
408.300 2.300 105.484
408.430 2.540 125.351
408.450 2.760 115.288
408.570 2.740 125.979
408.580 2.540 120.453
408.590 2.700 120.905
408.600 2.470 110.324
408.610 2.450 87.232
408.630 2.210 89.367
408.670 2.760 124.073
408.700 2.340 124.815
408.710 1.730 85.520
408.750 2.220 117.722
408.770 2.210 130.499
408.790 2.310 121.482
408.800 2.590 126.738
408.830 2.540 124.663
408.860 2.530 120.486
408.870 2.570 111.653
408.920 2.540 120.780
408.930 2.770 123.814
408.980 2.550 106.958
409.020 2.630 117.370
409.100 2.180 84.388
409.200 2.680 113.350
409.320 2.750 123.436
409.360 2.790 130.531
409.410 2.590 133.768
409.420 2.450 83.611
409.440 2.050 84.037
409.460 2.400 92.970
409.570 2.720 127.568
409.580 2.160 80.551
410.180 2.540 117.695
410.200 2.050 82.308
410.210 2.260 95.021
410.230 2.190 86.850
410.280 2.030 91.166
410.290 1.950 81.395
410.320 2.540 123.380
410.410 2.210 87.110
410.430 2.100 91.364
410.440 2.550 120.039
410.450 2.570 120.420
410.470 2.490 115.779
410.530 1.970 91.111
410.540 1.980 88.640
410.570 2.440 116.058
410.610 2.750 117.798
410.650 2.630 108.699
410.680 2.720 124.655
410.690 2.750 121.276
410.800 2.640 96.500
410.820 2.590 124.698
410.840 2.580 129.388
410.940 2.350 92.440
411.030 2.240 94.341
411.070 2.260 110.941
411.080 2.510 115.376
411.110 2.100 94.646
411.130 2.030 96.227
411.150 2.310 91.632
411.200 2.080 80.320
411.210 2.290 80.241
411.220 2.150 89.025
411.230 2.450 86.747
411.260 2.550 122.197
411.290 2.070 90.385
411.300 2.550 125.885
411.330 2.680 126.261
411.340 2.300 88.169
411.390 2.630 112.657
411.430 2.140 89.532
411.440 2.400 97.806
411.530 2.380 83.770
411.550 2.500 104.270
411.570 2.250 101.888
411.580 2.350 105.689
411.590 2.350 117.756
411.610 2.670 95.787
411.650 2.650 119.225
411.670 2.050 82.930
411.700 2.220 109.039
411.720 2.320 112.139
411.740 2.110 87.622
411.770 2.130 101.693
411.840 2.450 92.441
412.000 2.150 102.343
412.030 2.120 111.513
412.040 2.230 102.205
412.050 2.510 107.329
412.070 2.750 101.336
412.170 2.790 109.048
412.180 2.230 80.611
412.240 2.740 91.710
412.270 2.790 123.010
412.290 2.560 121.294
412.310 2.190 88.582
412.340 2.590 135.689
412.360 2.120 80.950
412.370 2.040 80.934
412.430 2.710 116.976
412.440 2.670 118.769
412.450 2.530 115.083
412.500 2.690 143.212
412.510 2.430 106.977
412.530 1.980 83.012
412.550 2.080 81.134
412.560 2.230 102.161
412.590 2.490 124.840
412.600 2.380 122.825
412.620 2.600 103.980
412.650 2.340 124.171
412.720 2.260 108.469
412.780 1.920 83.727
412.830 2.300 89.685
412.840 2.270 83.259
412.890 2.120 91.463
412.900 2.050 93.704
412.930 2.240 88.550
412.970 1.950 85.066
412.990 2.700 127.887
413.000 2.720 137.717
413.010 2.560 121.291
413.030 2.210 90.050
413.040 1.990 91.791
413.050 2.170 94.718
413.090 2.590 125.370
413.100 2.790 125.375
413.110 2.700 129.961
413.120 2.630 93.537
413.130 2.190 90.763
413.140 2.590 116.728
413.150 2.780 120.282
413.160 2.540 81.111
413.190 2.140 117.922
413.200 2.090 93.647
413.210 2.220 83.406
413.220 2.700 109.487
413.310 2.330 100.575
413.450 2.140 91.023
413.460 2.500 88.696
413.470 2.580 82.703
413.490 2.690 83.045
413.520 2.540 110.514
413.550 2.170 109.487
413.560 2.760 110.645
413.570 2.450 117.045
413.630 2.640 129.280
413.690 1.790 87.639
413.710 2.710 118.915
413.730 2.220 111.297
413.760 2.640 105.969
413.780 2.710 109.034
413.820 2.290 115.820
413.830 2.010 82.603
413.850 2.690 128.282
413.870 2.730 119.323
413.920 2.030 107.318
414.070 2.300 93.826
414.100 1.970 110.479
414.130 2.450 118.393
414.160 1.970 93.240
414.240 2.400 84.308
414.250 2.080 96.634
414.270 2.110 83.189
414.300 2.700 99.071
414.370 2.170 88.233
414.390 2.110 84.506
414.400 2.390 100.287
414.410 2.210 83.254
414.430 2.400 92.053
414.450 2.130 84.311
414.470 2.500 81.752
414.480 2.030 82.273
414.490 2.580 111.868
414.510 2.720 108.538
414.680 2.360 82.407
414.730 2.110 88.856
414.840 2.660 113.312
414.880 2.320 104.932
420.590 2.350 90.093
420.630 2.730 111.610
420.640 2.710 85.608
420.720 2.660 144.564
420.730 2.290 109.221
420.770 1.780 88.492
420.790 2.390 112.148
420.800 2.630 114.430
420.830 2.720 117.001
420.840 2.770 106.590
420.850 2.520 131.478
421.430 2.490 85.874
421.610 2.440 117.417
421.750 2.340 83.114
421.790 2.250 89.592
421.800 2.630 122.983
421.850 2.670 134.733
421.870 2.130 84.517
421.930 2.720 129.309
421.940 2.730 104.722
421.950 2.600 114.481
421.990 2.150 86.303
422.010 2.770 119.660
422.030 2.580 115.574
422.050 2.630 128.500
422.090 1.850 82.095
422.100 2.250 99.524
422.110 2.740 133.193
422.130 2.720 106.246
422.180 2.610 123.564
422.250 2.070 87.097
422.270 2.530 117.800
423.680 2.490 85.178
423.690 2.310 87.462
423.730 2.470 122.871
423.780 2.730 135.477
423.880 2.670 129.902
423.910 1.950 117.023
423.920 2.560 131.902
423.950 2.730 86.378
423.960 2.250 97.367
423.980 2.780 117.436
424.010 2.780 94.467
424.070 2.480 82.908
424.080 2.370 104.524
424.090 2.270 114.481
424.190 2.710 127.133
424.200 2.590 123.162
424.210 1.950 109.476
424.220 2.170 102.556
424.230 2.110 112.593
424.240 2.790 108.036
424.250 2.330 114.092
424.260 2.700 120.575
424.270 2.430 100.892
424.280 2.290 111.263
424.290 2.550 121.359
424.310 2.510 119.133
424.340 2.480 120.164
424.360 2.610 126.676
424.370 2.370 89.304
424.380 2.650 109.491
424.390 2.260 109.879
424.420 2.480 118.708
424.430 2.600 116.688
424.470 2.710 118.628
424.520 2.320 113.164
424.540 2.770 80.979
424.570 2.650 118.380
424.590 2.580 121.831
424.630 2.730 124.120
424.650 2.790 108.654
424.740 2.700 122.185
424.750 2.680 84.695
424.790 2.200 115.114
424.800 2.150 103.061
424.810 2.590 128.869
424.910 2.500 116.739
424.970 2.580 83.273
425.000 2.400 132.098
425.040 2.170 88.953
425.050 2.380 115.270
425.060 2.680 87.436
425.100 2.770 127.488
425.190 2.750 97.918
425.200 2.650 120.519
425.210 1.980 115.810
425.220 2.240 128.564
425.230 2.640 132.624
425.240 2.560 107.449
425.290 2.210 116.886
425.310 2.170 103.271
425.320 2.290 126.197
425.350 2.280 118.014
425.390 2.150 115.848
425.430 2.600 109.223
425.440 2.750 82.964
425.470 2.640 125.587
425.540 2.500 111.968
425.550 2.560 114.710
425.580 2.450 124.539
425.680 2.420 86.340
425.720 2.530 82.782
425.750 2.480 121.083
425.760 2.620 132.917
425.780 2.450 125.026
425.850 2.580 110.925
425.890 2.730 93.510
425.910 2.110 115.072
425.960 2.320 106.964
425.980 2.440 129.157
426.000 2.660 134.898
426.010 2.720 83.256
426.040 2.330 114.146
426.050 2.780 111.846
426.060 2.480 93.666
426.120 2.570 123.483
426.130 2.060 87.827
426.160 2.630 124.406
426.180 2.380 93.281
426.210 2.210 115.863
426.220 2.650 130.477
426.230 2.450 116.692
426.250 2.600 118.415
426.260 2.150 99.351
426.280 2.560 123.097
426.290 2.720 132.032
426.300 2.130 105.059
426.380 2.100 103.994
426.390 2.510 121.347
426.400 2.710 92.996
426.420 2.760 127.633
426.550 2.460 131.848
426.560 2.750 87.073
426.570 2.550 114.829
426.620 2.010 111.185
426.630 2.650 115.331
426.640 2.070 109.290
426.650 2.680 132.659
426.670 2.460 128.440
426.710 2.130 113.722
426.730 2.570 85.060
426.760 2.740 80.853
426.770 2.440 129.837
426.800 2.050 89.453
426.940 2.210 111.184
426.990 2.780 137.473
427.010 2.690 101.643
427.020 2.470 117.496
427.030 1.880 101.172
427.050 2.650 89.392
427.080 1.990 102.390
427.090 2.040 110.429
427.100 2.150 101.425
427.110 2.620 107.595
427.140 2.750 87.033
427.210 2.710 128.838
427.270 2.560 131.285
427.320 2.790 109.210
427.370 2.360 110.912
427.420 2.690 136.710
427.440 2.110 112.829
427.470 1.940 97.567
427.500 2.730 112.427
427.580 2.580 101.130
427.590 2.600 133.991
427.610 2.550 131.346
427.660 2.610 131.455
427.700 2.220 110.115
427.740 2.470 113.096
427.890 2.610 94.163
428.040 2.460 129.345
428.060 2.730 144.164
428.080 2.770 132.455
428.170 2.720 135.582
428.180 2.450 143.478
428.230 1.980 88.845
428.310 2.490 134.850
428.330 2.390 107.497
428.350 2.040 126.748
428.360 2.220 83.742
428.370 2.630 93.153
428.450 2.570 126.658
428.470 2.490 131.852
428.480 2.330 131.965
428.500 2.770 142.490
428.540 2.460 129.023
428.580 2.770 84.230
428.590 2.550 118.382
428.610 2.550 124.229
428.690 2.670 124.265
428.700 2.330 121.003
428.710 2.740 126.476
428.720 2.440 120.491
428.730 2.600 117.825
428.750 2.510 115.382
428.790 2.480 85.750
428.800 2.640 109.875
428.830 2.470 88.230
428.870 2.490 133.489
428.880 2.670 126.701
428.890 2.700 105.770
428.910 2.590 108.333
428.920 2.560 84.867
428.930 2.360 85.989
428.940 2.420 131.106
428.960 2.120 107.008
428.980 2.630 131.222
429.000 2.710 139.705
429.040 2.460 112.403
429.110 2.580 98.705
429.120 2.580 130.627
429.160 2.320 135.356
429.190 2.500 133.309
429.230 2.760 136.620
429.260 2.470 122.308
429.270 2.670 109.727
429.310 2.340 84.836
429.330 2.640 140.016
429.340 2.690 102.581
429.380 2.250 115.687
429.420 2.260 80.685
429.470 2.150 117.919
429.540 2.770 126.761
429.570 2.100 94.753
429.620 2.160 92.510
429.640 2.450 123.840
429.670 2.500 126.805
429.680 2.760 124.258
429.690 2.580 136.798
429.720 2.780 102.285
429.740 2.540 137.790
429.820 2.380 130.974
429.830 2.350 132.720
429.840 2.320 119.392
429.890 2.580 118.310
429.900 2.260 116.501
429.930 2.520 81.970
429.940 2.210 94.942
429.960 2.620 102.462
429.980 2.700 102.943
429.990 2.520 92.990
430.000 2.750 135.804
430.010 2.720 135.319
430.090 2.250 102.068
430.140 2.590 109.540
430.160 2.670 100.013
430.170 2.070 87.370
430.210 2.690 99.191
430.320 2.660 132.127
430.350 2.430 131.038
430.360 2.550 150.127
430.470 2.350 133.249
430.490 2.780 102.556
430.580 2.530 111.920
430.640 2.690 130.695
430.680 2.220 90.981
430.700 2.650 143.576
430.710 2.660 131.779
430.730 2.550 121.659
430.770 2.570 128.958
430.850 2.630 127.727
430.870 2.660 84.751
430.960 2.210 114.388
431.030 2.630 117.299
431.220 2.740 118.794
431.250 2.420 104.027
431.350 2.530 111.432
431.410 2.510 132.246
431.420 2.110 103.363
431.430 2.290 114.556
431.440 2.160 110.992
431.450 2.730 115.853
431.520 2.390 128.162
431.540 2.770 134.150
431.550 2.560 128.839
431.560 2.570 131.411
431.570 2.740 96.757
431.580 2.250 115.642
431.600 2.260 109.738
431.630 2.770 119.312
431.740 2.060 105.417
431.760 2.510 128.901
431.770 2.200 104.090
431.780 2.410 127.213
431.810 2.730 125.899
431.830 2.150 119.088
431.870 2.530 95.347
431.880 2.720 128.380
431.890 2.530 128.382
431.930 2.400 102.137
431.940 2.770 126.150
432.060 2.750 127.556
432.070 2.750 136.844
432.150 2.360 132.423
432.230 2.490 99.211
432.240 2.590 132.839
432.280 2.490 140.144
432.610 2.650 112.598
432.620 2.610 103.807
432.640 2.450 102.307
432.660 2.720 132.109
432.680 2.700 124.671
432.690 2.280 89.496
432.710 2.190 117.015
432.720 2.300 118.847
432.730 2.390 117.444
432.790 2.190 105.214
432.820 2.470 85.890
432.870 2.290 125.685
432.880 2.730 92.291
432.890 2.250 113.072
432.900 2.030 110.608
432.940 2.140 114.931
432.950 2.170 116.395
432.960 2.140 96.749
432.990 2.200 120.438
433.000 2.720 133.134
433.050 2.520 116.368
433.080 2.330 83.587
433.140 2.430 123.480
433.160 2.510 128.711
433.210 2.200 117.552
433.220 2.470 85.105
433.230 2.170 95.430
433.280 1.980 104.346
433.300 2.390 90.743
433.380 2.060 114.221
433.390 2.320 119.444
433.450 2.760 134.367
433.460 2.330 105.646
433.490 2.210 113.857
433.510 2.740 125.438
433.530 2.660 123.636
433.580 2.530 120.592
433.630 2.740 114.662
433.680 2.780 118.002
433.700 2.590 119.449
433.740 2.230 103.944
433.750 2.390 131.186
433.780 2.730 113.588
433.790 2.560 110.284
433.810 2.750 105.261
433.830 2.060 83.360
433.890 2.540 107.404
433.900 2.470 91.029
433.910 2.360 130.962
433.920 2.330 96.809
433.950 2.610 141.212
433.960 2.650 132.260
434.030 2.400 125.861
434.060 2.430 107.336
434.100 2.110 101.658
434.110 2.670 147.095
434.150 2.050 103.260
434.170 2.420 119.474
434.180 2.350 93.037
434.220 2.550 122.796
434.230 2.730 130.053
434.250 2.720 122.247
434.260 2.780 98.756
434.280 2.190 94.955
434.300 2.650 91.808
434.340 2.160 96.326
434.350 2.390 95.880
434.400 2.450 113.451
434.410 2.370 96.102
434.420 2.520 91.736
434.440 2.730 122.540
434.450 2.520 123.581
434.480 2.360 95.606
434.540 2.450 115.512
434.610 2.570 134.718
434.660 2.520 118.804
434.710 2.560 86.756
434.740 2.460 83.493
434.800 2.410 83.453
434.820 2.300 92.025
434.880 2.710 88.375
434.990 2.450 123.344
435.070 2.590 124.597
435.080 2.480 132.292
435.120 2.680 94.051
435.200 2.000 80.548
435.210 2.730 133.541
435.260 1.860 98.340
435.340 2.360 110.505
435.350 2.270 82.595
435.430 2.750 105.624
435.480 2.580 111.725
435.550 2.770 106.230
435.610 2.670 118.200
435.640 2.400 86.263
435.660 2.490 119.257
435.690 2.770 120.052
435.700 2.310 84.094
435.710 2.690 128.566
435.730 2.240 118.079
435.740 2.630 120.558
435.770 2.650 97.170
435.810 2.480 81.315
435.870 2.640 131.480
435.880 2.710 129.024
435.890 2.710 94.787
435.950 2.420 120.799
435.970 2.660 126.976
435.980 2.600 124.158
436.010 2.410 119.855
436.130 2.650 116.165
436.140 2.740 97.002
436.190 2.780 130.123
436.200 2.690 108.844
436.210 2.060 95.983
436.250 2.140 92.417
436.310 2.680 134.319
436.320 2.250 108.212
436.330 2.170 101.948
436.350 2.400 82.337
436.390 2.130 103.941
436.410 2.640 122.738
436.440 2.460 102.429
436.490 2.540 133.816
436.530 2.190 123.785
436.540 2.060 82.420
436.580 2.590 124.131
436.630 2.150 89.909
436.640 1.940 85.227
436.650 2.630 125.010
436.690 2.590 87.310
436.710 2.680 128.256
436.720 2.470 92.383
436.740 2.490 125.721
436.780 2.140 127.280
436.790 2.360 121.533
436.800 2.260 88.646
436.810 2.050 102.257
436.860 2.500 111.560
436.870 2.710 131.511
436.880 2.280 117.798
436.950 2.770 143.478
436.980 2.730 100.516
437.010 2.570 99.405
437.110 2.420 110.753
437.140 2.680 130.631
437.150 2.290 116.847
437.170 2.240 99.865
437.180 2.260 96.418
437.220 2.610 117.483
437.410 2.420 132.452
437.420 2.120 84.189
437.430 2.780 102.295
437.450 2.720 123.981
437.470 2.000 88.717
437.530 2.470 121.250
437.560 2.630 138.626
437.580 2.790 90.816
437.590 2.500 89.858
437.640 2.270 89.654
437.740 2.590 134.775
437.800 2.310 128.350
437.830 2.520 137.248
437.840 2.070 85.556
437.870 2.200 118.121
437.900 2.140 121.263
437.930 2.330 130.953
437.940 2.080 89.631
437.970 2.270 80.288
437.990 2.740 121.408
438.020 2.260 84.431
438.050 2.720 130.602
438.060 2.310 129.439
438.130 2.570 135.107
438.160 2.730 124.523
438.260 2.660 132.936
438.270 2.260 119.767
438.290 2.370 117.631
438.340 2.450 131.450
438.380 2.160 119.716
438.410 2.450 123.330
438.420 2.580 129.734
438.500 2.640 130.429
438.510 2.540 113.792
438.520 2.390 120.167
438.650 2.490 112.942
438.670 2.300 120.840
438.700 2.570 88.041
438.730 2.790 119.979
438.790 2.530 125.735
438.800 2.710 127.304
438.820 2.280 119.963
438.870 2.110 83.720
438.890 2.400 133.688
438.910 2.270 98.163
438.930 2.480 114.093
438.950 2.550 107.793
438.970 2.020 84.945
438.980 2.030 111.058
439.000 2.190 85.669
439.080 1.930 83.391
439.090 2.470 102.618
439.110 2.290 113.889
439.190 2.240 118.110
439.200 2.180 121.666
439.220 2.120 110.023
439.250 2.400 120.112
439.270 2.280 128.573
439.300 2.520 103.574
439.310 2.590 124.052
439.330 2.240 91.595
439.360 2.600 133.767
439.370 2.220 111.375
439.440 2.290 112.563
439.550 1.890 96.026
439.580 2.510 110.178
439.730 2.680 124.107
439.840 2.430 121.508
439.850 2.120 104.132
439.860 2.360 105.203
439.870 2.080 115.091
439.880 2.020 115.848
439.890 2.520 114.558
439.900 1.800 108.668
439.910 2.740 126.554
439.940 2.240 111.542
439.950 2.480 138.063
439.990 2.250 117.576
440.010 2.000 110.785
440.020 2.500 133.641
440.030 2.660 126.725
440.080 2.770 84.332
440.100 1.900 99.993
440.110 2.020 117.841
440.130 2.050 112.069
440.140 2.100 105.743
440.150 2.120 118.924
440.190 2.180 112.974
440.200 2.080 117.259
440.220 2.310 114.348
440.370 2.620 120.424
440.380 2.050 115.154
440.440 2.640 104.056
440.460 2.040 123.308
440.470 2.150 136.055
440.480 2.070 124.168
440.490 2.230 112.174
440.500 2.400 121.360
440.510 2.250 135.221
440.520 2.190 118.383
440.530 1.950 98.662
440.540 2.080 90.321
440.550 2.230 110.607
440.570 1.900 126.415
440.580 1.960 105.764
440.660 2.170 122.732
440.790 1.870 80.322
440.840 1.840 103.279
440.850 2.210 124.766
440.880 2.650 149.514
440.900 2.470 108.782
440.930 2.270 99.621
440.940 2.350 121.327
440.950 2.430 118.516
440.960 2.470 95.259
440.970 2.630 103.971
440.990 1.940 85.968
441.020 2.740 108.160
441.080 2.730 88.546
441.090 2.440 114.256
441.100 2.630 119.217
441.140 1.960 95.297
441.150 2.570 120.368
441.170 2.210 93.365
441.180 2.710 133.008
441.200 2.080 82.842
441.230 2.290 125.574
441.280 2.300 120.543
441.290 2.780 115.433
441.310 2.670 106.693
441.320 2.310 103.643
441.340 2.440 119.575
441.350 2.210 102.686
441.380 2.590 132.460
441.400 2.540 128.457
441.430 2.370 100.472
441.550 1.950 96.747
441.560 2.590 132.845
441.580 2.230 117.472
441.590 1.920 103.618
441.600 2.150 114.128
441.620 2.580 105.944
441.730 1.870 105.058
441.750 2.320 113.686
441.760 2.080 88.279
441.770 2.110 107.950
441.810 2.480 93.765
441.820 1.830 84.835
442.000 2.150 85.423
442.110 2.210 101.982
442.190 2.660 83.571
442.270 2.730 132.349
442.300 2.790 90.049
442.360 2.500 103.567
442.370 2.600 109.794
442.390 2.560 115.565
442.420 2.510 93.973
442.430 2.100 90.483
442.460 2.500 109.058
442.490 2.410 110.788
442.600 2.520 121.691
442.630 1.950 81.625
442.640 2.140 95.737
442.650 2.270 89.497
442.660 2.250 93.559
442.670 2.530 89.837
442.680 2.590 104.201
442.690 2.450 106.812
442.790 2.040 84.134
442.840 2.650 108.665
442.880 2.550 134.157
443.010 2.720 107.204
443.020 2.640 106.288
443.030 2.650 94.840
443.130 2.070 93.589
443.150 2.270 89.721
443.160 2.650 118.381
443.180 2.680 123.065
443.200 2.790 128.535
443.330 2.680 128.068
443.470 2.470 129.731
443.490 2.680 128.371
443.540 2.700 97.795
443.590 2.580 94.208
443.600 2.550 90.270
443.620 2.530 128.219
443.650 2.280 98.132
443.670 2.520 104.844
443.680 1.940 102.193
443.690 2.370 115.797
443.730 2.020 90.666
443.750 2.390 108.865
443.820 2.200 91.785
443.840 2.710 113.509
443.850 2.350 96.388
443.950 2.480 128.763
443.960 2.520 124.537
443.970 2.750 141.446
444.000 2.490 110.007
444.010 2.430 123.258
444.020 2.030 97.625
444.040 2.280 103.874
444.060 2.380 124.534
444.070 2.200 107.980
444.080 2.690 127.051
444.090 2.760 102.788
444.100 2.630 113.733
444.150 2.490 105.153
444.180 2.500 104.626
444.190 2.720 88.433
444.200 2.590 104.449
444.260 2.440 86.568
444.270 2.070 83.589
444.310 2.120 108.894
444.330 2.400 109.552
444.340 2.770 119.834
444.360 2.730 111.318
444.400 2.540 104.258
444.410 2.430 120.109
444.430 2.650 112.983
444.440 2.350 118.013
444.470 2.350 81.104
444.480 2.470 82.962
444.550 2.600 124.500
444.570 2.430 88.088
444.580 2.360 82.981
518.440 2.010 104.074
518.450 2.170 123.197
518.460 2.300 107.972
518.470 2.260 106.647
518.480 2.300 98.485
518.490 1.920 114.809
518.500 1.880 86.591
518.510 2.060 100.117
518.520 1.990 115.973
518.530 2.560 104.732
518.540 2.310 102.325
518.550 2.240 95.108
518.560 2.050 98.807
518.570 1.900 103.986
518.580 2.310 127.428
518.590 2.020 96.460
518.600 1.840 101.330
518.610 2.330 122.514
518.620 2.480 129.978
518.630 2.220 100.502
518.640 2.100 107.135
518.650 2.050 121.389
518.670 2.040 98.335
518.680 1.850 92.363
518.690 2.120 121.257
518.700 2.220 89.459
518.710 2.560 96.563
518.720 2.230 105.618
518.740 2.430 98.402
518.750 1.840 88.698
518.760 2.320 87.691
518.770 2.260 94.881
518.780 1.980 88.417
518.790 2.520 104.070
518.800 1.890 91.272
518.810 2.670 100.964
518.820 2.220 88.325
518.830 2.100 86.432
518.910 2.640 82.511
518.920 2.690 103.984
518.930 2.100 97.193
518.940 2.180 111.440
518.950 2.070 111.833
518.960 1.860 102.069
518.970 1.970 88.942
518.980 1.880 93.311
518.990 2.060 128.576
519.000 2.420 98.026
519.010 2.030 97.803
519.030 2.060 102.651
519.040 1.970 91.425
519.050 2.610 111.253
519.070 2.090 94.897
519.090 2.120 89.519
519.100 2.190 114.525
519.140 2.100 98.768
519.150 1.810 90.225
519.160 2.090 95.358
519.170 2.210 131.487
519.180 1.950 108.214
519.190 2.100 110.743
519.200 1.990 103.010
519.260 2.770 101.056
519.290 2.460 88.779
519.310 2.770 119.769
519.320 2.050 115.116
519.330 2.110 98.585
519.340 2.000 124.777
519.350 2.080 102.441
519.360 1.880 93.886
519.370 2.220 127.380
519.380 2.720 104.462
519.460 2.740 99.417
519.470 2.040 96.212
519.480 2.200 116.320
519.500 2.770 96.216
519.550 2.440 84.703
519.570 2.010 118.910
520.150 2.030 100.174
520.170 2.460 95.751
520.180 2.720 96.846
520.190 2.150 107.062
520.210 2.290 92.186
520.220 1.970 90.822
520.230 2.290 116.406
520.330 2.530 127.336
520.340 1.860 92.302
520.430 2.120 108.660
520.440 2.170 113.557
520.450 2.600 104.376
520.460 2.440 93.189
520.500 2.110 82.877
520.510 2.270 104.917
520.550 2.580 112.878
520.580 2.380 99.675
520.600 2.670 106.522
520.610 2.390 127.151
520.630 2.170 93.445
520.640 1.850 89.635
520.650 2.450 104.681
520.660 2.210 92.097
520.670 2.180 95.637
520.680 2.020 80.369
520.720 2.650 122.710
520.860 2.700 143.209
520.870 2.520 110.786
520.880 2.640 140.550
520.910 2.650 125.017
520.940 2.650 141.959
520.950 2.620 116.622
521.060 2.640 105.937
521.080 2.280 100.358
521.090 2.630 100.699
521.110 2.730 118.603
521.130 2.420 85.818
521.170 2.030 102.106
521.180 2.160 90.120
521.190 2.490 133.634
521.210 2.720 134.081
521.220 2.300 110.619
521.230 2.680 127.613
521.240 2.450 122.095
521.250 2.570 124.469
521.260 2.600 119.397
521.270 2.450 117.756
521.280 2.500 122.710
521.290 2.500 131.366
521.300 2.470 119.268
521.320 2.020 88.265
521.330 1.930 91.529
521.360 2.600 110.843
521.410 2.630 104.916
521.490 2.730 111.955
521.540 2.170 124.866
521.560 2.470 113.265
521.570 2.120 121.957
521.580 1.850 108.109
521.590 2.060 97.676
521.600 2.200 98.627
521.620 1.990 83.330
521.630 2.070 89.877
521.640 1.970 97.237
521.650 1.970 115.112
521.670 2.100 107.407
521.680 2.010 110.932
521.690 1.920 89.094
521.840 2.650 105.353
521.880 2.680 122.074
521.930 2.170 122.448
521.940 2.790 109.520
521.980 1.920 84.596
521.990 1.960 107.310
522.000 2.650 99.896
522.040 2.240 112.859
522.050 2.100 113.040
522.110 2.630 142.963
522.160 2.610 121.156
522.180 2.610 84.945
522.190 2.710 106.164
522.460 2.110 117.348
522.490 2.730 116.060
522.500 2.660 112.144
522.520 2.730 119.881
522.530 2.750 108.628
522.540 2.490 103.837
522.790 2.340 90.060
522.800 2.300 99.272
522.810 1.780 117.222
522.820 2.270 101.804
522.830 2.170 95.186
522.840 2.130 92.604
522.850 1.960 83.393
522.860 2.200 106.989
522.880 2.160 104.009
522.890 2.580 107.164
522.900 2.150 113.914
522.910 2.310 103.342
522.920 1.990 112.204
522.930 2.440 105.478
522.940 2.250 111.232
522.950 2.180 91.871
522.960 1.810 102.876
522.970 2.280 107.479
522.980 2.450 95.315
523.220 2.120 97.724
523.230 2.000 102.606
523.240 1.940 91.746
523.250 2.320 112.101
523.260 1.880 94.316
523.270 2.190 108.532
523.280 2.290 116.988
523.290 2.170 111.961
523.300 2.140 100.278
523.310 2.130 96.336
523.320 2.400 106.817
523.330 1.910 120.558
523.340 2.140 91.779
523.360 2.350 95.454
523.370 2.220 85.303
523.380 1.900 93.402
523.390 1.960 87.201
523.400 1.970 108.038
523.410 2.700 111.313
523.450 2.220 104.870
523.470 2.230 122.497
523.480 2.000 100.137
523.490 1.940 108.170
523.500 2.050 111.107
523.510 2.400 103.642
523.520 2.080 121.746
523.530 2.220 95.457
523.550 1.960 91.368
523.560 1.880 93.173
523.570 1.980 111.681
523.580 2.330 125.015
523.590 1.910 91.339
523.600 2.010 107.910
523.610 1.950 94.852
523.620 2.210 124.598
523.630 2.040 117.318
523.640 2.130 103.400
523.660 2.380 118.898
523.670 2.030 92.392
523.730 2.320 92.521
523.850 2.590 100.335
523.870 2.770 124.375
523.880 2.060 99.508
523.890 2.450 98.731
523.900 2.210 102.450
523.910 2.020 112.703
523.920 1.900 89.296
523.930 2.200 95.833
524.100 2.760 126.465
524.110 1.920 114.343
524.200 2.320 139.871
524.540 2.680 105.746
524.550 2.650 93.060
524.590 1.810 100.885
524.600 1.810 90.435
524.610 2.760 98.997
524.630 2.350 103.462
524.640 2.730 142.471
524.700 2.350 114.496
524.750 2.790 122.025
524.760 2.650 125.192
524.770 2.160 104.973
524.820 2.500 103.955
524.890 2.580 122.374
524.900 2.400 109.981
524.970 2.790 111.756
525.020 2.720 97.908
525.030 2.560 120.675
525.040 2.760 120.988
525.180 2.020 93.641
525.190 2.440 106.795
525.210 1.930 82.951
525.220 1.960 105.435
525.230 1.760 83.363
525.240 2.010 100.052
525.250 1.940 86.569
525.260 2.100 81.913
525.270 2.510 105.614
525.280 2.160 88.203
525.290 1.860 82.566
525.300 2.100 102.476
525.310 2.000 113.682
525.320 2.510 119.601
525.330 2.000 90.525
525.340 2.320 117.535
525.350 2.510 111.147
525.360 2.310 109.941
525.370 1.950 94.081
525.380 2.220 104.407
525.390 2.120 95.484
525.400 1.840 95.077
525.410 2.510 117.121
525.420 2.240 92.587
525.430 1.940 87.471
525.440 1.830 85.524
525.450 1.910 87.335
525.460 2.060 99.972
525.470 2.290 91.233
525.480 1.950 91.719
525.490 1.880 100.823
525.500 2.290 120.790
525.510 1.750 97.082
525.520 2.110 124.225
525.530 2.050 108.205
525.540 1.980 106.580
525.550 1.920 90.713
525.560 2.050 95.766
525.570 1.850 82.758
525.580 2.250 92.529
525.600 1.930 87.722
525.610 2.160 88.547
525.620 2.050 116.080
525.630 2.020 88.169
525.640 2.080 100.783
525.650 2.430 109.957
525.660 2.050 107.613
525.670 1.900 84.464
525.680 2.040 97.497
525.690 2.080 115.944
525.700 2.500 99.384
525.710 2.400 111.431
525.720 2.400 103.053
525.730 2.510 108.492
525.740 2.160 127.193
525.750 2.770 104.122
525.760 2.090 95.271
525.770 2.350 108.420
525.820 2.180 108.978
525.830 1.980 102.745
525.840 1.970 91.320
525.850 2.060 98.652
525.860 2.020 96.438
525.870 1.950 95.651
525.880 2.010 109.918
525.890 2.190 98.077
525.910 2.010 105.614
525.920 1.910 95.114
525.930 2.780 128.063
525.940 2.550 109.007
525.950 1.990 94.826
525.960 2.460 104.870
525.970 1.750 88.424
525.980 2.650 116.996
525.990 2.050 91.399
526.000 1.960 110.638
526.030 1.870 84.240
526.040 1.790 99.122
526.050 1.990 92.057
526.070 2.280 115.585
526.080 2.120 103.303
526.090 1.920 98.208
526.100 1.880 110.721
526.110 2.000 91.135
526.120 2.130 96.045
526.130 2.260 88.493
526.140 2.220 85.767
526.150 2.140 122.422
526.160 2.520 92.650
526.170 1.820 88.752
526.180 2.580 108.462
526.270 2.410 106.144
526.280 2.090 106.346
526.350 2.720 112.320
526.530 1.960 89.081
526.550 2.500 102.763
526.570 2.070 87.123
526.580 2.270 112.706
526.590 2.540 111.211
526.600 2.260 102.811
526.610 2.110 111.176
526.830 1.940 98.077
526.840 1.900 95.754
526.850 2.130 93.164
526.860 2.100 92.948
526.870 2.730 85.321
526.890 2.100 89.423
526.910 2.250 112.815
526.920 2.380 106.758
527.040 2.470 109.185
527.050 2.620 116.333
527.060 2.780 118.406
528.310 2.420 126.463
528.360 2.490 112.001
528.370 2.120 109.967
528.400 2.680 125.982
580.440 2.120 121.400
580.450 2.570 118.881
580.460 2.570 125.215
580.480 2.130 114.287
580.490 1.850 105.631
580.510 2.430 108.855
580.560 2.380 118.624
580.590 2.500 127.727
580.620 2.510 122.884
580.630 2.160 85.213
580.650 2.780 97.478
580.660 2.270 106.017
580.680 2.110 109.285
580.690 2.430 111.200
580.730 2.640 123.037
580.740 2.420 115.524
580.770 2.630 98.565
580.780 2.470 84.331
580.840 2.040 125.389
580.850 2.000 131.605
580.860 2.480 114.842
580.870 2.640 104.582
580.910 2.680 92.568
580.920 2.230 119.013
581.060 2.540 128.138
581.080 2.280 108.397
581.120 2.590 103.542
581.140 2.140 120.459
581.150 2.280 116.569
581.160 2.220 101.237
581.180 2.110 118.166
581.190 2.140 108.218
581.200 2.250 118.714
581.210 2.130 115.330
581.220 2.020 110.437
581.230 2.320 116.917
581.240 1.820 100.421
581.310 2.490 112.159
581.320 2.670 129.392
581.350 1.830 105.798
581.370 2.650 121.674
581.390 2.220 84.287
581.410 2.730 116.962
581.440 2.700 82.259
581.480 2.620 122.260
581.490 2.310 108.559
581.500 2.790 96.861
581.510 2.330 121.965
581.520 2.240 109.475
581.530 2.310 113.933
581.540 2.300 115.911
581.560 2.470 118.935
581.600 2.580 132.925
581.610 2.430 127.863
581.630 2.310 116.433
581.660 2.720 115.373
581.670 2.660 135.505
581.680 2.560 127.678
581.690 2.720 119.299
581.730 2.730 128.580
581.760 2.130 112.610
581.770 2.000 110.170
581.780 2.400 114.120
581.790 2.760 123.947
581.880 1.900 109.968
581.890 1.880 99.693
581.940 2.070 116.014
581.960 1.990 111.563
581.970 2.240 125.745
581.980 2.050 102.555
581.990 2.560 139.982
582.050 2.710 87.572
582.060 2.780 126.796
582.080 2.500 121.967
582.090 2.780 123.005
582.120 2.790 135.619
582.150 1.950 98.673
582.160 1.970 88.156
582.200 2.730 129.126
582.220 2.440 129.865
582.230 2.340 87.092
582.240 2.700 102.341
582.250 2.450 93.749
582.260 2.670 109.834
582.300 2.700 120.260
582.320 2.480 121.074
582.330 2.670 125.255
582.350 2.500 96.752
582.360 2.450 111.399
582.380 2.520 112.170
582.390 2.340 104.404
582.400 2.120 110.679
582.410 2.220 105.781
582.430 2.680 137.609
582.440 2.570 112.656
582.450 2.750 122.885
582.460 2.790 133.110
582.540 2.350 100.987
582.550 2.520 88.764
582.610 2.160 86.236
582.630 2.270 95.203
582.640 2.680 119.784
582.650 2.740 93.094
582.660 2.240 99.278
582.680 2.580 101.645
582.710 2.670 127.546
582.720 2.730 125.867
582.820 1.960 112.315
582.830 2.330 110.303
582.840 2.310 108.331
582.890 2.310 112.702
582.900 2.140 108.397
582.920 2.790 121.784
582.970 2.180 97.634
582.980 2.170 105.466
582.990 2.420 111.473
583.030 2.340 122.048
583.040 2.210 119.748
583.050 2.350 117.422
583.060 2.390 107.437
583.070 2.040 109.796
583.210 2.560 109.768
583.220 2.290 117.113
583.250 2.600 119.030
583.260 2.420 108.957
583.280 2.010 104.623
583.290 2.550 114.435
583.390 2.160 116.741
583.400 2.200 115.800
583.440 2.710 150.115
583.470 2.250 127.172
583.490 1.980 104.662
583.530 2.120 120.601
583.600 2.280 80.587
583.620 2.680 85.379
583.650 2.780 132.353
583.660 2.490 113.585
583.670 2.330 91.828
583.680 2.010 106.009
583.690 2.770 128.431
583.700 1.880 108.601
583.710 2.320 103.848
583.730 2.290 118.497
583.750 2.570 110.782
583.830 1.860 81.722
583.840 2.570 118.037
583.850 2.380 90.421
583.860 2.580 127.380
583.870 2.470 100.671
583.900 2.540 122.924
583.910 2.170 97.081
583.950 2.130 87.751
583.960 2.220 82.215
583.970 2.620 126.494
583.990 2.410 83.858
584.000 2.650 131.262
584.010 2.660 127.489
584.050 2.620 108.729
584.060 2.080 120.669
584.090 2.550 81.575
584.100 2.430 85.216
584.150 2.240 115.623
584.280 2.220 118.760
584.310 2.150 91.798
584.330 2.590 100.164
584.380 2.050 80.268
584.390 2.460 115.231
584.450 1.890 109.378
584.470 2.050 114.386
584.480 2.120 115.452
584.490 2.140 135.126
584.510 2.210 116.795
584.520 2.040 112.878
584.540 2.460 117.148
584.550 2.120 107.351
584.570 2.100 85.433
584.580 2.760 117.934
584.590 2.360 119.041
584.620 2.090 117.157
584.640 2.390 112.757
584.700 2.650 106.654
584.730 1.930 84.923
584.750 2.270 99.261
584.760 2.310 120.537
584.770 2.600 121.016
584.780 1.950 92.677
584.830 2.390 122.733
584.860 2.710 129.435
584.870 2.320 108.828
584.880 2.010 89.192
584.900 2.670 113.444
584.950 2.040 84.130
585.000 2.270 113.044
585.020 2.350 81.898
585.040 2.450 123.404
585.060 2.510 80.341
585.070 2.180 99.042
585.080 2.630 114.726
585.100 2.570 122.329
585.120 2.680 115.280
585.130 2.640 118.003
585.140 2.720 137.273
585.160 2.280 119.180
585.170 2.400 86.804
585.190 2.740 125.871
585.210 2.660 107.807
585.220 2.670 121.308
585.250 2.310 114.026
585.260 2.400 100.773
585.280 2.360 81.900
585.300 2.110 88.274
585.310 2.170 92.634
585.340 2.370 119.990
585.380 2.230 84.982
585.450 2.600 134.174
585.480 2.770 88.386
585.570 1.880 102.594
585.600 2.410 123.790
585.610 2.740 113.127
585.620 2.130 88.171
585.650 2.520 123.331
585.770 2.550 87.564
585.780 2.400 122.150
682.170 2.690 116.533
682.360 2.330 116.755
682.450 2.650 102.067
682.470 2.250 105.209
682.480 2.140 97.522
683.070 2.150 108.798
690.990 1.900 92.990
691.000 1.980 91.024
691.010 2.570 107.048
691.070 2.550 118.961
691.130 2.000 99.260
691.150 2.060 95.371
691.160 2.160 116.073
691.180 2.420 107.903
691.190 2.270 98.099
691.220 2.750 102.886
691.240 2.660 120.786
691.470 2.730 103.259
691.480 2.740 106.555
691.520 2.310 108.734
691.560 2.730 117.921
691.590 2.770 114.137
691.630 2.760 93.801
691.690 2.130 89.147
691.700 1.840 84.604
691.840 2.140 85.484
691.860 2.720 98.284
691.870 2.070 88.225
691.880 2.350 122.208
691.960 1.900 90.237
691.990 1.820 93.790
692.020 2.600 96.229
692.100 2.720 89.777
692.120 2.350 96.728
692.230 2.500 113.711
692.240 1.980 82.681
692.260 2.680 116.118
692.270 2.220 80.959
692.300 2.550 112.382
692.310 2.150 95.880
692.340 2.390 96.649
692.510 2.230 107.365
692.520 1.860 84.135
692.550 2.310 102.284
692.640 2.640 103.005
692.750 2.480 129.683
692.780 2.080 85.765
692.890 2.710 123.092
692.910 2.640 121.624
692.990 2.780 113.301
693.150 2.280 87.958
693.160 2.470 91.383
693.170 2.590 132.022
693.210 2.090 82.410
693.240 2.750 113.972
693.250 2.740 120.035
693.370 2.490 115.981
693.430 2.300 94.927
693.510 2.210 91.663
693.540 1.960 90.309
693.550 1.940 84.783
693.630 2.610 96.920
693.660 1.920 80.727
693.670 2.320 84.271
693.690 2.140 104.017
693.810 1.940 93.757
694.190 2.030 85.047
694.200 2.400 86.776
694.260 2.280 98.169
694.290 2.640 139.289
694.350 1.990 95.151
694.420 2.590 98.495
694.450 2.420 106.856
694.540 1.840 89.575
694.570 2.090 94.391
694.600 2.700 119.490
694.720 2.680 89.276
694.750 2.680 112.772
695.000 2.350 85.458
