# time(ns) distance (A) angle (deg)
0.130 5.870 27.592
0.140 5.960 36.195
0.170 5.590 31.064
0.190 5.920 20.629
0.250 5.900 22.518
0.720 5.750 22.713
0.780 5.910 19.245
1.130 5.950 68.881
1.150 5.470 42.281
1.160 5.220 59.564
1.200 5.610 72.459
1.230 5.710 82.749
1.250 5.300 59.113
1.260 5.280 72.820
1.330 5.980 84.797
1.370 5.470 89.986
1.380 5.740 84.051
1.410 5.680 85.247
1.460 5.820 79.402
1.510 5.460 80.729
1.550 5.930 78.184
1.800 5.940 70.157
1.890 5.890 60.504
1.920 5.550 50.061
2.010 5.630 50.790
2.060 5.590 85.701
2.110 5.970 24.285
2.140 5.940 76.975
6.410 5.710 53.016
6.420 5.790 27.727
6.430 5.300 1.722
6.440 4.800 41.644
6.450 5.350 53.417
6.460 4.130 47.335
6.470 5.760 42.326
6.480 5.910 37.590
6.490 5.910 82.114
6.520 5.910 67.970
6.560 5.780 37.825
6.660 5.220 21.741
6.670 5.740 27.583
6.680 5.930 63.464
6.700 5.820 67.966
6.810 5.670 65.487
7.870 5.490 84.790
9.090 5.780 76.717
9.100 5.760 89.520
9.110 5.810 66.599
9.130 5.870 77.070
9.950 5.550 60.472
9.990 5.810 17.617
10.010 5.330 89.401
16.410 5.730 26.488
16.420 5.700 23.004
16.560 5.840 8.577
17.060 5.780 12.356
17.070 5.810 14.796
17.090 5.900 13.239
17.860 5.740 79.269
17.920 5.870 84.306
18.090 5.940 81.358
18.140 6.000 60.951
18.150 5.420 61.628
18.170 5.760 67.736
18.180 5.950 69.446
18.190 5.170 83.163
18.220 5.970 79.187
18.230 5.190 77.394
18.240 4.700 83.032
18.280 5.550 68.795
18.290 5.460 52.305
18.320 5.360 81.366
18.340 4.770 74.886
18.360 5.740 75.242
18.370 5.180 81.976
18.380 5.500 67.444
18.400 5.200 77.788
18.410 4.990 86.498
18.420 4.730 85.792
18.450 4.680 19.507
18.460 5.370 81.114
18.580 5.440 88.160
18.650 5.030 51.467
18.660 5.170 73.881
18.970 5.040 60.526
18.980 4.880 54.150
18.990 4.830 66.819
19.000 4.630 58.325
19.010 5.440 40.981
19.020 5.470 68.017
19.030 5.230 57.667
19.040 5.450 51.294
19.050 5.300 77.641
19.060 5.370 40.777
19.070 6.000 83.639
19.300 5.430 81.263
19.400 5.850 34.193
19.410 5.750 52.566
19.420 5.850 46.885
19.440 5.710 72.264
19.580 5.670 73.012
19.660 4.940 89.917
19.690 4.790 84.031
19.700 5.040 66.756
19.740 5.000 83.815
19.840 5.660 71.221
19.850 5.170 67.575
19.860 5.770 81.968
19.940 5.910 71.876
19.950 5.270 73.274
19.970 5.020 77.585
19.990 5.860 24.896
20.350 4.200 88.698
20.410 5.720 74.264
20.720 5.740 89.394
20.730 5.950 83.052
20.740 5.100 67.566
20.750 5.270 70.066
20.910 4.650 89.495
20.940 5.350 47.328
21.250 5.830 51.282
21.500 4.440 77.847
21.520 5.000 81.557
21.550 4.590 66.259
21.560 4.810 87.405
21.570 5.150 77.005
21.630 5.990 82.915
21.670 5.380 87.964
21.690 4.960 87.423
21.750 5.100 84.889
21.760 4.900 83.787
21.840 5.130 78.353
21.870 4.820 79.477
21.910 4.230 63.789
21.920 4.300 79.245
21.930 4.880 79.626
21.940 5.440 40.349
21.990 4.690 75.193
22.600 5.330 88.456
22.630 5.410 83.297
22.640 5.640 62.677
22.690 5.590 88.843
22.760 5.920 63.621
22.790 5.590 86.034
22.870 4.550 82.948
22.880 4.480 82.287
22.900 5.530 82.236
22.910 4.760 79.209
22.930 4.730 67.968
22.940 5.130 83.672
22.970 5.650 80.076
22.980 5.400 77.939
23.100 5.850 85.674
23.550 5.730 60.823
23.560 5.860 76.220
24.260 5.890 82.795
24.440 5.180 63.541
24.640 5.810 76.012
25.090 5.490 84.624
27.320 5.840 85.689
37.060 4.690 74.768
37.070 5.580 49.683
37.080 5.840 82.326
37.090 5.250 51.053
37.100 5.760 73.961
37.110 5.850 82.388
37.130 5.930 48.964
37.140 5.870 49.328
37.920 4.350 88.733
37.950 5.340 75.794
38.040 4.980 55.411
38.050 5.230 79.835
38.060 5.360 49.984
38.230 5.930 54.043
38.250 5.810 5.315
38.270 5.100 62.724
38.280 5.120 58.330
38.300 5.430 39.152
38.310 5.730 26.708
38.360 5.690 31.545
38.370 5.850 45.165
38.390 5.170 62.713
38.400 5.210 58.193
38.410 5.740 32.484
38.420 5.290 52.560
38.430 5.490 53.401
38.440 5.850 44.311
38.450 4.840 49.970
38.460 5.080 39.973
38.470 5.260 45.485
38.480 5.990 10.277
38.500 5.560 33.758
38.510 4.890 37.449
38.520 5.880 59.529
38.530 4.610 77.293
38.550 5.850 47.317
38.580 5.870 20.993
38.590 6.000 20.658
38.600 5.890 23.456
38.640 5.760 50.432
38.650 5.910 60.734
38.660 4.990 73.801
38.680 5.760 37.290
38.700 5.580 74.305
38.710 5.520 53.490
38.720 5.960 20.757
38.740 5.530 37.983
38.750 5.490 30.950
38.770 5.750 40.064
38.800 5.770 17.566
38.910 5.820 81.556
39.220 5.460 85.034
39.230 5.460 80.641
39.540 4.820 79.335
39.610 4.750 89.363
40.070 5.640 88.752
40.100 5.890 73.854
40.140 5.800 10.966
40.150 5.920 40.867
40.330 4.550 63.187
40.340 4.970 81.987
40.370 5.600 37.744
40.380 5.420 25.731
40.410 5.690 26.990
40.470 5.190 83.040
40.480 5.250 84.601
40.490 5.390 36.459
40.500 5.650 79.481
40.840 5.790 54.145
40.850 5.760 45.170
40.900 5.020 82.114
40.980 4.720 69.662
41.020 4.660 83.358
41.050 5.090 74.124
41.060 4.120 75.220
41.110 4.840 60.738
41.190 4.770 47.226
41.240 5.270 80.769
41.280 5.140 79.543
41.300 5.610 81.102
41.330 5.090 79.874
42.330 3.950 87.281
42.370 4.670 69.303
42.380 3.980 89.865
42.390 4.700 85.403
42.410 5.780 80.602
42.420 5.640 88.172
42.470 4.180 86.366
42.480 3.800 76.841
42.520 4.610 86.796
42.580 5.190 87.927
42.860 5.810 44.165
42.870 5.460 29.278
42.910 5.640 46.501
42.930 4.920 74.477
43.140 4.570 80.059
43.460 3.710 88.334
43.520 4.300 81.527
43.560 5.360 71.112
43.570 5.190 81.161
43.770 5.860 36.660
43.790 5.840 37.652
43.800 5.760 29.705
43.820 5.710 46.975
43.830 5.970 89.497
43.840 5.680 66.920
43.850 5.430 58.338
43.880 5.870 61.423
45.460 4.800 73.665
45.470 5.140 47.136
45.480 5.420 56.537
45.500 5.680 39.230
45.520 5.360 65.448
45.530 4.450 72.360
45.540 5.090 84.727
45.580 5.650 51.583
45.590 5.940 72.404
45.610 5.890 22.411
45.640 6.000 18.575
46.390 5.640 87.198
46.430 5.670 82.196
46.590 4.970 67.045
46.610 5.450 76.346
46.690 4.800 79.454
46.700 5.640 72.791
46.710 5.400 81.064
47.250 6.000 23.390
49.620 5.930 67.385
49.630 5.570 25.697
49.640 5.490 65.572
49.650 6.000 37.396
49.670 5.930 80.650
49.680 4.320 72.435
49.700 5.420 32.924
49.710 5.640 46.756
51.500 5.820 21.664
51.660 5.740 29.411
52.600 5.980 85.423
53.300 5.540 88.556
53.440 5.090 88.137
53.750 5.630 78.483
53.760 5.600 83.718
53.780 5.160 75.369
53.820 4.980 65.218
53.950 5.520 72.542
53.960 5.850 80.239
53.970 5.620 60.961
53.980 5.700 84.045
53.990 5.990 68.344
54.040 5.340 68.383
54.050 5.420 72.758
54.060 5.900 72.806
54.070 5.730 70.102
54.080 5.580 77.750
54.110 5.770 87.411
54.350 4.730 64.578
54.400 5.100 29.292
54.410 4.760 86.279
54.420 4.620 58.641
54.430 5.580 84.886
79.380 6.000 87.321
87.020 5.950 36.930
87.040 5.540 25.580
87.060 5.540 37.898
87.100 5.850 55.314
87.840 5.860 78.646
88.510 5.700 45.164
88.590 5.990 78.289
88.620 5.950 34.886
88.650 5.700 40.649
88.730 5.960 15.353
89.030 5.710 48.575
95.020 5.810 84.314
95.110 5.360 59.609
95.120 5.160 41.643
95.170 5.850 56.200
106.110 4.950 61.644
106.130 5.650 51.452
106.140 5.080 63.916
106.190 5.800 78.519
106.240 5.850 86.388
107.910 6.000 84.912
108.450 5.610 82.718
108.540 5.710 83.583
108.620 5.010 82.283
108.810 5.730 86.177
109.500 4.870 87.297
109.530 5.680 71.004
109.540 5.810 80.235
109.550 5.940 80.053
110.210 5.740 81.655
110.380 5.870 83.041
110.390 5.810 62.567
110.400 5.070 80.766
110.410 5.580 53.927
110.420 5.590 32.324
110.440 5.830 69.269
110.450 5.600 32.953
110.460 5.840 67.629
110.470 5.730 68.919
110.480 5.920 80.478
110.500 5.540 63.639
110.510 5.580 80.366
110.520 5.900 68.205
110.530 4.920 63.150
110.540 5.270 73.076
110.790 5.760 80.790
110.830 5.970 72.017
110.850 5.780 72.661
110.990 5.260 67.619
111.010 5.550 61.043
111.020 5.850 55.558
111.140 5.670 77.547
111.400 5.500 71.598
111.420 5.640 75.336
111.490 5.960 65.580
111.550 5.480 82.036
111.560 5.620 68.126
111.570 5.900 63.853
111.580 5.780 73.783
111.590 5.480 71.017
111.620 5.870 67.164
111.630 5.210 76.965
111.640 5.970 84.484
111.700 5.070 81.377
111.710 5.890 74.558
111.720 5.480 66.170
111.730 5.490 81.668
111.800 5.780 80.354
111.810 5.960 88.416
111.840 5.420 68.534
111.880 5.770 77.881
111.900 5.680 74.520
111.950 5.540 42.605
111.960 5.760 31.248
111.970 5.350 50.317
111.980 5.910 71.156
111.990 5.430 81.502
112.010 5.700 66.720
112.900 5.910 72.288
112.910 5.660 57.321
112.920 5.680 76.818
112.930 5.270 79.116
112.950 6.000 61.162
112.970 5.930 75.609
113.000 5.900 75.840
113.460 4.990 88.285
113.470 5.850 79.447
113.490 4.460 88.390
113.500 5.050 82.273
113.550 5.510 80.038
114.570 5.850 84.894
114.800 5.960 78.349
114.820 5.700 61.123
115.440 5.810 86.389
115.460 4.580 89.919
116.090 5.660 82.223
116.100 5.350 79.570
116.120 5.460 80.136
116.460 5.890 61.634
117.650 5.970 84.954
118.000 5.250 77.754
118.020 5.430 84.608
118.030 5.580 84.240
118.070 5.310 71.754
118.100 5.710 78.653
118.130 5.230 81.479
118.160 5.630 89.813
118.290 5.940 87.904
118.350 5.740 89.403
118.380 5.500 86.458
118.610 5.540 85.405
118.620 5.860 72.056
118.630 5.690 89.373
118.660 5.580 84.323
118.680 5.910 76.174
118.720 5.280 89.062
118.730 5.450 87.784
118.740 5.040 77.495
118.770 5.040 86.378
118.790 5.290 89.913
118.870 5.910 70.777
118.890 4.900 82.918
118.900 4.900 87.221
118.930 5.700 70.571
118.940 4.960 81.355
118.950 5.140 71.720
118.960 4.970 80.966
119.090 5.810 87.905
119.110 5.800 63.735
119.120 4.810 74.221
119.130 5.050 74.536
119.140 5.560 75.878
119.150 5.570 82.338
119.170 5.980 63.305
119.190 5.580 77.766
119.200 5.830 83.181
119.210 5.190 75.372
119.220 5.560 62.019
119.230 5.420 81.159
119.300 5.850 60.454
119.330 5.570 76.366
119.350 5.910 88.975
119.360 5.580 75.092
119.370 5.730 75.481
119.390 5.540 89.876
119.460 5.270 86.584
119.480 5.970 89.373
119.520 5.540 72.544
119.530 5.410 45.158
119.540 5.620 43.899
119.550 5.090 67.716
119.560 5.090 74.484
119.570 5.590 83.775
119.660 5.890 68.833
119.910 5.850 82.074
119.930 5.900 87.655
120.090 5.210 74.383
120.110 5.920 59.354
120.170 5.760 62.982
120.280 5.920 65.747
120.300 5.720 57.550
120.310 5.640 74.162
120.320 4.970 81.585
120.330 5.660 65.101
120.340 5.620 70.075
120.350 5.280 64.700
120.360 5.930 65.986
120.400 5.610 63.754
120.410 5.930 70.452
120.420 5.740 87.058
120.430 5.230 84.589
120.440 5.480 70.786
120.760 5.270 83.844
120.800 5.200 82.294
120.890 4.450 77.240
120.930 5.450 83.439
121.500 4.760 82.713
121.510 5.290 64.032
121.540 5.590 79.098
121.570 4.460 70.290
121.580 4.710 76.460
121.600 4.540 75.559
121.610 4.240 74.611
121.620 4.380 76.776
121.630 4.930 67.618
121.640 5.050 85.813
121.650 4.740 71.818
121.660 4.900 82.027
121.670 4.950 84.250
121.690 4.860 65.594
121.700 4.640 58.871
121.730 5.200 82.973
121.740 4.610 84.218
121.780 5.140 84.366
122.030 5.370 74.343
122.040 5.060 79.604
122.050 5.310 77.305
122.060 5.100 82.719
122.090 4.560 61.596
122.120 5.030 77.780
122.130 5.060 70.511
122.410 5.860 88.727
122.440 5.670 82.579
122.590 5.320 84.855
122.810 4.990 83.238
122.860 5.950 85.194
122.900 4.500 82.514
122.930 4.970 66.331
122.950 4.890 86.521
122.980 5.000 65.807
123.000 5.230 79.166
123.010 4.670 68.403
123.040 5.280 88.918
123.050 4.780 83.325
123.090 4.990 89.624
123.100 5.040 82.366
123.110 5.450 57.742
123.120 5.550 86.980
123.170 5.860 76.741
123.180 5.710 85.238
123.200 5.500 73.892
123.220 5.340 65.174
123.450 5.870 83.283
124.290 5.650 65.056
124.300 5.360 80.661
124.310 5.410 79.027
124.320 5.360 72.416
124.330 5.390 81.810
124.370 5.770 81.600
124.430 5.720 78.553
124.450 5.710 75.076
124.460 5.490 83.297
124.470 5.770 74.818
124.480 5.790 66.024
124.490 5.680 70.074
124.510 5.440 73.958
124.520 5.540 83.226
124.530 5.760 70.495
124.550 5.580 83.305
124.580 5.210 78.202
124.590 5.590 47.676
124.600 5.850 44.450
124.620 5.650 47.783
124.630 5.780 78.200
124.640 5.810 77.668
124.650 5.680 52.937
124.670 5.260 49.595
124.690 5.240 56.553
124.700 4.880 61.815
124.730 5.710 47.095
124.740 5.480 53.870
124.760 5.590 41.592
124.780 5.570 67.276
124.790 5.900 78.091
124.810 5.490 66.736
124.820 5.100 84.965
124.830 5.210 73.124
124.840 5.720 65.583
124.850 5.200 78.784
124.860 5.700 71.936
124.890 5.940 59.700
230.280 4.790 31.078
230.290 5.690 49.215
231.980 5.830 69.505
254.230 6.000 81.919
254.270 5.900 73.010
264.130 5.950 75.249
279.360 5.420 71.919
279.400 5.790 65.647
279.470 4.590 89.492
279.480 5.310 75.084
279.490 5.420 85.550
279.500 5.100 86.671
279.510 5.470 83.853
279.540 5.750 81.200
279.810 5.400 77.031
279.830 5.250 66.666
279.840 5.390 89.923
279.850 5.830 64.641
279.870 5.760 66.248
279.880 5.000 88.652
285.140 5.780 72.708
288.960 5.710 81.547
289.090 5.480 89.887
289.680 5.730 37.681
293.640 5.860 85.380
293.670 5.140 82.832
293.700 5.260 82.673
293.760 5.470 86.527
298.130 5.860 56.937
298.140 5.730 78.369
303.480 5.820 84.543
303.570 5.560 28.377
346.050 5.810 73.096
346.350 6.000 87.093
350.120 4.840 83.428
350.140 5.660 89.370
351.700 5.990 85.523
351.730 5.840 55.042
351.740 5.800 46.732
351.760 5.990 24.977
351.830 5.890 70.439
351.850 5.400 60.008
351.860 5.360 44.056
351.880 5.950 78.920
351.920 5.890 74.867
351.960 5.910 30.382
351.970 5.640 56.285
351.980 5.380 33.808
351.990 5.660 44.999
352.000 5.740 78.603
352.020 5.890 69.031
352.030 5.530 80.753
352.040 5.720 38.459
352.050 5.990 59.487
352.120 5.520 36.570
352.180 5.960 29.047
352.200 5.950 32.205
352.230 5.320 31.532
352.240 5.580 49.758
352.250 4.920 38.728
352.260 5.430 61.863
352.270 5.940 56.528
352.300 5.460 58.618
352.310 5.240 47.044
352.320 5.670 7.922
352.350 6.000 46.684
352.370 5.970 79.622
352.380 5.930 68.003
352.390 5.650 70.665
352.400 5.170 74.087
352.410 5.520 42.207
352.420 5.940 33.887
352.450 5.690 19.800
352.470 5.880 52.415
352.480 5.700 48.992
352.490 5.460 42.305
352.500 5.660 60.834
352.510 5.610 60.308
352.520 5.510 79.122
352.530 4.700 37.732
352.560 5.930 75.261
352.580 5.960 85.841
352.650 5.720 41.769
352.690 5.390 66.790
352.700 5.770 67.531
352.730 5.990 57.553
352.750 5.900 34.520
352.770 5.820 63.862
352.780 5.650 53.465
352.790 5.700 63.861
352.800 5.820 85.995
352.810 5.820 39.836
352.870 5.180 56.523
352.900 5.880 71.305
352.930 5.890 64.800
352.950 5.720 35.180
352.960 5.960 24.360
352.990 5.740 64.618
353.000 5.880 55.091
353.080 5.840 58.924
353.090 5.870 67.985
353.140 5.920 38.350
353.200 5.500 37.689
353.210 5.820 50.836
353.220 5.930 61.680
353.260 5.760 42.502
353.290 5.980 47.709
353.370 5.720 24.720
353.400 5.270 56.831
353.410 5.840 47.371
353.420 5.820 35.628
353.460 5.840 37.277
353.590 5.370 70.275
353.600 5.560 71.445
353.620 5.470 40.076
353.630 5.850 79.244
353.650 5.800 66.835
353.660 5.810 60.391
353.690 5.600 30.357
353.700 5.860 67.113
353.710 5.920 55.308
353.720 5.210 66.516
353.730 5.780 36.557
353.740 5.970 49.785
353.760 5.820 40.001
353.810 5.820 50.058
353.870 6.000 45.215
353.880 5.260 76.800
353.900 5.490 61.275
353.910 5.310 44.123
353.990 5.920 42.722
354.110 5.780 15.420
354.140 5.430 17.542
354.150 5.850 48.172
354.180 5.910 9.632
354.230 5.450 44.072
354.240 4.810 67.210
354.250 5.530 82.049
354.270 5.710 51.869
354.300 5.240 38.794
354.310 5.760 60.599
354.330 5.940 58.466
354.420 5.210 68.516
354.430 5.680 42.363
354.460 5.640 60.118
354.490 4.910 81.590
354.500 5.020 89.311
354.520 5.700 48.914
354.530 4.970 65.050
354.540 4.390 46.988
354.550 5.640 57.556
354.570 5.290 52.832
354.580 5.030 37.337
354.590 5.620 60.021
354.600 4.340 30.650
354.610 5.310 22.879
354.630 4.610 58.877
354.640 4.860 88.139
354.680 4.310 79.617
354.760 4.330 66.854
354.790 5.120 85.334
354.800 5.110 63.512
354.810 5.250 84.919
354.840 5.190 69.381
354.850 5.190 49.941
354.930 4.700 47.264
354.970 5.010 78.271
355.020 4.650 54.068
355.040 5.440 65.132
355.160 5.800 52.674
355.210 5.520 72.449
355.220 5.850 30.775
355.230 5.170 89.858
355.240 5.360 57.336
355.250 5.470 74.350
355.260 5.120 84.601
355.270 5.150 71.076
355.280 5.770 61.097
355.330 5.470 48.353
355.340 5.730 61.831
355.350 5.130 75.516
355.360 5.620 58.630
355.370 4.990 63.598
355.380 5.420 84.069
355.400 5.250 72.047
355.410 5.840 69.250
355.440 5.390 57.177
355.450 5.730 83.618
355.500 5.590 49.287
355.510 5.170 35.575
355.550 5.590 25.609
357.460 4.990 89.276
357.820 4.650 88.390
358.000 5.990 85.254
358.180 5.950 87.027
358.440 5.880 80.905
358.620 5.040 69.536
358.630 4.960 81.917
358.710 4.370 80.238
358.720 4.860 35.268
358.740 4.540 82.726
358.770 4.780 79.601
358.780 4.900 71.427
358.790 4.490 74.691
358.800 4.990 71.059
358.830 5.680 72.042
358.870 4.740 81.244
358.880 6.000 55.408
358.910 4.410 54.933
358.920 4.570 60.076
358.990 5.390 65.469
359.000 5.520 86.890
359.010 4.670 33.815
359.020 4.460 53.602
359.030 5.670 34.229
359.040 5.400 40.313
359.060 5.610 62.250
359.070 5.080 49.503
359.080 4.120 72.829
359.110 5.270 79.725
359.120 5.810 65.440
359.130 4.570 83.207
359.140 5.200 65.916
359.150 5.840 71.248
359.170 5.800 68.784
359.200 5.760 56.205
359.220 4.350 58.240
359.230 4.700 60.221
359.240 4.360 56.670
359.250 4.570 51.499
359.260 4.730 84.339
359.270 4.400 62.049
359.310 4.390 63.063
359.330 4.060 89.586
359.350 5.220 50.829
359.360 4.430 75.115
359.370 4.540 79.802
359.380 4.130 53.212
359.390 4.660 26.503
359.400 5.090 72.291
359.410 5.940 69.369
359.450 5.090 78.226
359.460 5.610 64.700
359.470 5.480 68.599
359.480 5.000 83.755
359.500 5.770 52.755
359.510 5.830 83.008
359.530 5.220 64.293
359.590 5.360 87.589
359.600 5.830 42.377
359.610 5.710 62.565
359.650 5.720 58.520
359.660 5.800 63.424
359.680 5.890 87.717
359.720 5.300 49.576
359.840 5.520 85.094
359.860 5.820 78.662
360.070 5.500 22.764
360.080 5.740 33.329
360.100 5.980 51.060
360.200 5.640 81.042
360.410 5.620 76.532
360.920 5.810 53.718
360.940 5.380 22.126
360.970 5.710 68.662
360.980 5.270 41.168
361.460 5.910 29.216
361.470 5.940 22.106
361.480 5.670 22.057
361.500 5.750 25.646
361.510 5.450 40.442
361.520 5.680 85.500
361.530 5.230 43.103
361.610 4.930 89.047
361.620 5.190 76.895
361.630 4.550 69.439
361.720 4.140 81.456
361.730 4.810 63.174
361.740 4.120 38.073
361.750 5.080 68.124
361.770 5.020 76.975
361.780 3.940 72.716
361.810 5.380 65.235
361.840 5.440 62.415
361.850 5.500 69.043
361.880 5.290 40.320
361.900 5.070 27.859
361.910 5.210 32.678
361.920 5.320 57.388
361.930 5.260 83.081
361.940 5.180 67.228
361.950 5.160 50.244
361.960 5.120 29.737
361.970 5.390 22.194
361.980 5.210 75.053
361.990 4.790 45.333
362.000 5.010 52.267
362.040 5.800 63.680
362.050 5.820 68.882
362.080 5.920 5.035
362.100 5.590 70.775
362.150 5.220 88.793
362.160 5.790 84.925
362.220 4.760 76.117
362.230 5.710 89.769
362.250 4.880 54.820
362.260 4.940 46.485
362.270 4.470 28.714
362.280 5.470 35.461
362.550 4.450 79.110
362.580 4.380 88.086
362.590 4.460 72.431
362.600 5.050 73.208
362.730 4.380 76.729
362.740 4.990 86.335
362.750 4.540 53.538
362.760 5.450 89.213
362.780 4.940 11.549
362.790 4.750 60.289
362.800 5.270 64.982
362.810 5.590 66.397
362.830 4.240 61.662
362.840 4.840 81.131
362.860 5.160 64.599
362.920 4.350 74.326
362.930 5.080 73.736
362.960 3.960 72.845
362.990 4.750 89.290
363.030 4.890 80.384
363.050 4.360 72.426
363.060 4.660 77.921
363.070 4.450 85.754
363.080 4.670 66.904
363.100 5.220 72.946
363.130 4.330 66.615
363.140 5.340 75.786
363.220 5.210 76.070
363.230 6.000 67.005
363.270 5.740 83.357
363.360 5.080 55.886
363.370 5.170 75.989
363.380 5.220 74.113
363.390 4.560 86.759
363.400 4.820 89.321
363.420 4.730 85.891
363.440 4.690 89.536
363.450 4.900 82.135
363.460 5.800 87.952
363.470 5.080 85.059
363.480 5.230 58.725
363.490 5.800 80.353
363.510 5.650 85.192
363.530 5.770 79.961
363.540 5.790 69.985
363.550 5.700 64.190
363.580 4.610 74.946
363.590 4.560 67.826
363.600 4.830 53.159
363.610 5.570 88.643
363.630 5.230 81.178
363.640 5.110 48.277
363.660 4.590 79.384
363.670 5.140 84.578
363.700 4.540 74.135
363.730 4.570 84.497
363.770 5.160 84.626
363.780 5.620 49.975
363.790 5.250 40.118
363.800 4.760 77.061
363.810 5.000 57.792
363.830 5.370 75.574
363.840 5.290 58.162
363.850 4.870 52.526
363.860 4.800 72.050
363.870 4.740 89.051
363.900 4.880 66.965
363.910 4.840 76.013
363.920 4.700 80.141
363.950 4.490 83.637
363.960 5.240 58.431
363.970 4.600 67.053
363.990 4.960 40.395
364.000 4.900 72.726
364.020 4.870 80.561
364.030 5.080 53.259
364.040 5.390 45.575
364.050 5.480 71.818
364.240 4.490 80.716
364.250 4.190 79.736
364.260 4.910 87.801
364.290 5.310 73.794
364.300 4.790 78.634
364.310 4.870 86.216
364.340 5.370 81.894
364.460 5.160 83.259
364.950 5.350 76.545
364.960 5.000 81.122
364.970 5.470 74.741
364.990 5.050 62.857
365.000 5.260 78.320
365.020 4.780 74.490
365.060 5.590 88.537
365.070 5.140 41.927
365.080 5.590 60.935
365.090 5.700 65.387
365.100 5.670 80.052
365.140 5.530 76.319
365.150 5.620 80.629
365.220 4.940 77.794
365.240 5.850 76.754
365.260 5.680 81.330
365.270 5.690 76.800
365.280 5.750 81.746
365.290 5.560 51.950
365.310 5.550 72.593
365.330 4.760 50.940
365.340 5.200 89.007
365.350 5.730 56.838
365.380 5.080 80.140
365.410 5.280 74.519
365.420 5.030 56.517
365.430 5.400 59.147
365.440 5.530 79.383
365.450 5.340 88.942
365.470 5.620 48.024
365.480 5.500 88.851
365.500 4.680 70.711
365.510 4.840 69.513
365.520 4.520 81.759
365.530 5.940 42.884
365.540 5.600 49.885
365.550 5.200 53.694
365.630 5.180 63.283
365.640 5.750 50.787
365.650 5.090 49.659
365.660 5.490 81.471
365.670 4.890 71.070
365.690 5.620 41.267
365.700 5.510 61.365
365.750 5.150 76.899
365.760 5.350 29.914
365.770 5.090 85.550
365.780 5.420 88.575
365.790 5.110 72.410
365.800 4.970 63.668
365.810 4.980 66.583
365.840 4.810 45.689
365.870 5.020 73.248
365.890 4.850 60.951
365.900 5.420 52.014
365.910 5.410 52.444
365.920 5.120 64.449
365.930 5.400 46.678
365.940 5.160 51.257
365.950 5.110 53.079
365.960 5.390 80.067
365.970 4.990 80.878
365.980 5.210 63.873
365.990 5.800 74.446
366.000 5.160 44.073
366.010 5.460 78.012
366.020 4.920 55.356
366.030 5.260 52.144
366.040 5.210 52.242
366.060 4.330 76.403
366.070 4.670 76.222
366.080 4.980 72.579
366.100 5.100 86.103
366.110 4.290 56.391
366.120 4.330 87.050
366.130 4.780 67.557
366.140 4.930 45.142
366.150 4.860 66.845
366.160 5.120 59.853
366.170 5.270 77.481
366.180 5.360 41.552
366.210 5.560 33.473
366.220 5.910 50.042
366.230 5.150 39.299
366.240 4.470 78.681
366.250 4.740 74.456
366.270 5.170 56.979
366.280 4.400 88.917
366.290 4.940 76.595
366.300 5.170 63.594
366.310 4.760 61.179
366.320 5.190 65.723
366.340 5.710 76.217
366.350 5.840 76.989
366.360 5.070 83.233
366.370 5.070 76.267
366.380 5.000 79.549
366.390 4.800 46.865
366.420 4.680 50.558
366.450 5.770 86.112
366.500 4.100 70.497
366.510 4.080 50.447
366.520 3.340 30.782
366.530 3.180 29.159
366.540 3.560 47.829
366.560 4.690 71.374
366.580 5.410 86.577
366.590 5.080 89.736
366.600 4.930 87.986
366.740 4.860 68.470
366.800 4.560 82.238
366.810 5.550 74.953
366.830 4.910 81.820
366.840 4.550 81.761
366.890 5.840 70.500
366.920 5.110 69.667
366.930 5.360 59.086
366.940 5.310 67.954
366.950 5.200 47.832
366.970 5.580 71.441
366.990 5.920 56.363
367.110 5.610 52.448
367.120 5.800 75.180
367.140 5.610 54.806
367.520 5.000 44.534
367.530 5.390 77.160
367.540 4.540 36.426
367.550 4.600 55.941
367.560 5.020 86.810
367.570 4.500 65.131
367.590 4.810 59.506
367.600 4.840 81.746
367.730 5.890 77.007
367.740 5.940 77.160
367.970 4.880 73.395
368.070 5.980 81.596
368.130 5.790 87.718
368.170 5.850 88.754
368.190 5.570 65.319
368.200 4.540 32.499
368.230 5.740 84.120
368.250 5.700 84.682
368.570 4.890 77.641
368.580 4.950 86.860
368.590 5.100 77.079
368.600 4.420 73.671
368.610 5.210 49.305
368.620 4.650 29.870
369.150 4.850 50.607
369.170 5.590 88.421
369.180 4.760 52.652
369.190 5.280 45.915
369.200 5.170 79.542
369.210 5.460 48.600
369.220 5.020 61.492
369.230 5.310 83.399
369.240 5.070 56.102
369.250 5.340 85.678
369.270 5.970 62.528
369.280 5.480 55.204
369.290 5.250 50.732
369.310 5.650 54.835
369.320 5.950 44.330
369.340 5.740 59.144
369.400 5.370 67.592
369.410 5.710 83.223
369.420 5.280 28.062
369.460 5.490 67.462
369.930 5.880 82.701
369.960 5.480 78.976
369.990 5.960 85.606
370.010 5.790 69.656
370.030 5.530 84.343
370.060 5.510 60.067
370.070 5.580 77.770
370.080 5.240 55.674
370.100 5.470 34.766
370.120 5.620 65.503
370.130 4.830 24.332
370.140 5.360 66.424
370.150 5.330 77.475
370.160 5.410 67.539
370.170 5.310 68.448
370.180 5.360 64.534
370.190 5.210 69.590
370.200 5.580 76.682
370.210 5.290 65.994
370.220 5.250 68.455
370.230 5.410 70.904
370.240 5.490 80.315
370.260 5.330 81.319
370.280 5.230 79.650
370.790 5.950 75.372
372.740 5.830 73.442
372.750 5.490 59.312
372.790 5.480 76.981
372.800 5.540 69.575
373.750 5.690 47.424
373.760 5.230 26.585
373.790 5.940 65.691
379.120 5.970 50.247
379.130 5.860 38.995
379.180 5.980 51.178
379.190 4.950 41.790
379.200 4.580 22.766
379.210 5.570 31.812
379.220 5.680 44.320
379.230 5.190 44.319
379.240 5.550 22.933
379.250 5.310 44.889
379.260 5.980 54.369
379.270 5.890 55.729
379.290 5.970 73.695
379.350 5.990 64.812
379.360 5.520 61.283
379.370 5.990 33.671
379.470 5.590 43.777
379.480 5.910 43.652
379.490 5.370 43.870
379.500 5.600 14.346
379.510 5.950 23.896
379.520 5.790 25.871
379.530 5.570 49.069
379.550 5.270 31.065
379.560 5.300 33.591
379.580 5.960 34.137
379.600 5.530 44.936
379.620 5.360 46.001
379.800 5.590 19.685
379.810 5.860 40.219
379.830 5.890 32.837
379.870 4.660 32.332
379.880 4.900 36.649
379.900 5.210 43.908
379.920 5.520 59.899
379.960 5.230 64.466
379.970 5.910 77.326
380.080 5.790 28.164
380.130 5.940 34.102
380.160 5.640 47.483
380.170 5.710 41.716
380.310 5.950 34.638
381.210 5.650 68.871
381.220 5.330 57.018
381.230 5.780 82.645
381.240 5.780 84.010
381.250 5.760 48.667
385.400 5.660 78.826
385.890 5.000 71.079
385.910 5.330 47.034
385.920 5.280 55.792
385.930 5.410 17.911
385.950 5.140 37.219
385.960 5.490 49.427
386.000 4.900 72.389
386.010 5.210 47.519
386.020 5.280 55.460
386.030 4.410 40.527
386.040 5.720 88.325
386.050 4.850 31.752
386.380 5.540 69.655
386.390 5.670 71.534
386.410 5.500 50.974
386.420 5.040 57.087
386.430 5.360 76.609
386.480 4.680 25.197
386.490 5.480 23.888
386.500 5.760 53.661
386.510 5.120 16.079
386.520 5.340 28.601
386.530 5.100 27.231
386.540 5.500 47.804
386.550 5.990 49.903
388.580 3.700 86.240
388.590 3.820 70.788
388.600 3.700 59.211
388.610 3.420 38.111
388.620 3.800 52.244
388.630 3.650 65.089
388.640 3.580 54.921
388.650 3.850 80.329
388.670 3.470 46.141
388.680 4.210 48.418
388.690 3.830 47.677
388.700 3.410 80.982
388.710 3.630 68.681
388.720 3.520 61.823
388.730 3.560 73.673
388.740 3.750 16.316
388.750 3.480 62.707
388.760 3.490 87.700
388.770 4.100 31.192
388.780 3.330 73.426
388.790 3.520 85.619
388.800 3.700 56.393
388.810 3.750 25.212
388.820 3.560 22.554
388.830 3.620 43.255
388.840 3.840 53.307
388.850 3.530 56.859
388.860 3.610 38.762
388.870 3.620 31.010
388.880 3.530 75.733
388.890 3.550 48.346
388.900 3.720 17.566
388.910 3.190 38.869
388.920 3.530 20.821
388.930 3.710 27.873
388.940 3.480 11.327
388.950 3.490 22.931
388.960 3.610 3.478
388.970 3.490 17.138
388.980 3.700 31.213
388.990 3.580 56.255
389.000 3.640 24.946
389.010 3.570 39.522
389.020 3.600 54.150
389.030 3.460 40.380
389.040 3.790 38.579
389.050 3.570 49.524
389.060 3.450 64.996
389.070 3.780 53.108
389.080 3.330 66.417
389.090 3.540 43.110
389.100 3.720 43.025
389.110 3.640 11.956
389.120 3.650 65.894
389.130 3.630 31.449
389.140 3.670 49.021
389.150 3.750 47.932
389.160 3.720 36.922
389.170 3.510 75.245
389.180 3.810 31.407
389.190 3.540 77.840
389.200 3.480 75.303
389.210 3.900 50.111
389.220 3.560 67.447
389.230 3.960 49.006
389.240 3.970 47.831
389.250 3.690 24.119
389.260 3.490 69.184
389.270 3.620 41.454
389.280 3.950 56.320
389.290 3.990 36.328
389.300 3.810 68.624
389.310 3.440 21.529
389.320 3.550 53.675
389.330 3.560 51.020
389.340 3.620 37.389
389.350 3.500 58.078
389.360 3.520 55.786
389.370 3.520 76.934
389.380 3.510 78.260
389.390 3.760 49.539
389.400 3.500 71.181
389.410 3.730 59.271
389.420 3.420 41.285
389.430 3.780 59.965
389.440 3.760 74.647
389.450 3.610 56.071
389.460 3.770 44.493
389.470 3.660 40.641
389.480 3.490 70.047
389.500 3.680 71.275
389.510 4.950 12.129
389.520 5.510 29.982
389.530 4.770 48.658
389.540 4.950 34.639
389.550 5.420 24.666
389.560 5.950 28.451
389.570 5.570 49.042
389.580 3.440 33.442
389.590 5.880 41.258
389.600 5.850 64.947
389.610 5.690 49.331
389.620 5.500 46.961
389.640 5.520 50.854
389.660 5.310 43.522
389.670 5.240 49.232
389.680 4.890 38.470
389.690 5.330 38.677
389.700 5.680 49.668
389.710 5.810 19.559
389.720 5.510 52.164
389.730 5.720 64.103
389.750 5.530 50.986
389.770 5.940 29.981
389.780 5.890 34.757
389.790 5.160 39.344
389.800 5.370 52.765
389.810 5.710 74.593
389.820 5.300 56.155
389.850 5.810 64.576
389.890 5.550 72.819
389.900 5.930 67.525
389.910 5.260 64.246
390.150 5.790 58.602
390.160 5.980 57.327
390.170 5.030 68.810
390.180 5.740 44.925
390.190 5.320 40.335
390.200 5.690 80.671
390.210 4.770 41.935
390.220 5.310 67.292
390.230 4.990 40.094
390.240 4.540 51.568
390.250 4.370 78.998
390.260 5.470 28.985
390.270 5.780 39.873
390.280 5.040 48.087
390.290 5.120 61.621
390.300 4.850 65.340
390.350 5.000 82.868
390.370 4.840 73.644
390.390 5.640 68.414
390.400 5.490 47.260
390.410 5.280 40.628
390.420 5.210 44.318
390.430 5.340 26.794
390.440 5.600 32.778
390.450 4.770 24.087
390.460 5.020 39.933
390.470 4.660 36.440
390.480 5.000 27.845
390.490 5.020 44.151
390.500 5.690 61.432
390.510 5.890 38.077
390.520 5.080 84.485
390.530 4.990 63.480
390.540 5.800 71.707
390.550 5.280 83.398
390.560 5.540 79.974
390.570 5.590 72.770
390.580 5.560 65.379
390.590 5.570 62.223
390.610 5.670 67.767
390.630 5.390 50.616
390.640 5.730 46.953
390.650 5.950 68.026
390.660 5.620 62.288
390.670 4.890 43.039
390.680 5.420 52.569
390.690 5.430 72.056
390.700 5.160 87.062
390.710 5.670 64.266
390.720 5.090 63.770
390.730 5.590 79.922
390.740 4.300 86.728
390.750 5.230 34.552
390.760 5.700 27.751
390.900 4.420 77.945
390.910 5.120 50.957
390.920 4.650 81.925
391.030 5.830 86.061
391.090 5.730 30.646
391.100 5.240 28.033
391.110 5.100 34.309
391.120 5.080 50.376
391.130 5.520 51.691
391.140 5.250 59.409
391.150 5.070 58.174
391.170 5.420 80.873
391.180 5.600 69.059
391.190 5.660 60.031
391.200 5.610 53.150
391.210 5.340 79.005
391.230 5.020 64.687
391.240 4.950 52.530
391.250 5.100 86.629
391.260 4.900 74.502
391.270 5.140 38.194
391.280 5.340 62.824
391.290 4.060 56.710
391.300 5.210 70.112
391.310 5.250 35.858
391.320 5.900 71.672
391.330 4.860 77.358
391.350 5.420 82.132
391.360 5.440 89.439
391.400 4.750 54.617
391.410 4.950 81.410
391.420 4.550 76.875
391.430 5.780 83.352
391.480 5.100 56.877
391.490 5.220 60.998
391.500 5.530 41.343
391.510 5.230 56.000
391.520 4.830 88.582
391.530 4.690 78.248
391.540 5.090 60.113
391.550 5.130 49.602
391.560 4.900 60.555
391.570 5.360 51.267
391.580 5.050 36.006
391.590 3.700 66.525
391.600 3.540 45.739
391.610 3.480 58.511
391.620 3.550 50.635
391.630 3.920 58.502
391.640 3.820 46.016
391.650 3.800 49.382
391.660 3.530 51.564
391.670 3.460 63.080
391.680 4.100 44.860
391.690 3.630 55.515
391.700 3.370 49.567
391.710 3.800 47.732
391.720 3.620 23.448
391.740 5.590 84.094
391.750 5.150 59.596
391.770 5.270 87.695
391.780 5.400 72.686
391.790 3.730 31.179
391.800 3.810 51.922
391.810 3.090 28.848
391.820 3.370 39.164
391.830 3.850 46.355
391.840 3.690 37.010
391.850 3.890 40.878
391.860 4.000 29.785
391.870 3.480 29.354
391.880 3.620 58.021
391.890 3.720 48.898
391.900 4.920 86.407
391.940 5.390 77.002
391.960 5.950 50.112
391.990 4.490 58.612
392.000 5.190 87.742
392.010 4.580 84.628
392.020 5.410 72.873
392.030 5.300 22.878
392.040 4.540 3.876
392.050 5.140 3.423
392.060 5.160 30.671
392.070 5.530 54.737
392.080 4.280 59.035
392.090 4.940 44.989
392.100 4.800 77.224
392.120 5.060 77.052
392.130 5.280 70.113
392.140 5.140 69.985
392.150 4.740 85.784
392.160 4.630 63.129
392.200 5.770 77.337
392.210 4.540 57.674
392.240 4.740 55.845
392.250 4.740 87.230
392.260 4.920 43.057
392.270 5.340 63.706
392.290 4.870 42.878
392.310 4.590 86.168
392.320 5.130 65.707
392.330 5.390 80.329
392.390 4.770 87.722
392.400 4.800 66.289
392.410 5.330 84.343
392.420 4.810 72.696
392.430 5.690 63.976
392.480 4.900 71.659
392.490 5.500 61.660
392.500 4.860 62.309
392.510 5.100 65.270
392.520 5.150 63.807
392.530 5.240 32.307
392.540 5.350 68.581
392.550 4.610 69.983
392.560 5.080 46.180
392.570 5.370 81.995
392.580 4.940 53.040
392.600 5.490 59.638
392.610 5.350 85.251
392.640 4.490 69.082
392.650 5.140 65.335
392.660 5.290 79.414
392.670 5.570 65.233
392.680 5.090 33.947
392.690 4.300 59.173
392.700 5.760 57.109
392.710 4.830 65.435
392.720 5.420 45.853
392.730 5.330 39.963
392.740 5.210 58.191
392.750 5.550 61.472
392.760 5.490 79.799
392.770 5.140 69.193
392.780 4.900 72.689
392.790 5.860 57.479
392.810 4.980 81.345
392.820 5.190 70.103
392.830 5.180 88.224
392.850 4.670 46.329
392.860 5.450 49.368
392.870 5.260 63.448
392.880 5.970 67.145
392.890 5.650 60.734
392.900 5.790 60.897
392.910 5.470 35.235
392.920 6.000 63.062
392.930 5.430 77.811
392.940 5.260 85.521
392.950 5.810 89.324
392.970 5.610 80.883
392.980 5.450 86.325
392.990 5.670 87.051
393.000 5.060 71.563
393.010 5.840 67.133
393.020 5.160 65.875
393.030 5.630 62.222
393.040 5.550 54.393
393.050 5.730 74.674
393.070 5.380 82.771
393.080 5.640 66.108
393.090 5.300 41.523
393.100 5.280 60.885
393.110 4.910 46.447
393.120 4.970 32.105
393.130 5.430 78.966
393.140 5.320 65.990
393.150 5.370 74.734
393.160 4.620 69.930
393.170 5.350 50.933
393.180 5.460 82.813
393.190 5.460 75.527
393.200 5.840 87.862
393.210 5.630 67.360
393.220 5.140 41.156
393.230 5.660 62.447
393.240 4.910 84.168
393.270 4.760 87.217
393.280 5.790 57.228
393.290 5.000 71.929
393.300 5.450 80.726
393.310 5.650 80.200
393.320 5.680 79.471
393.330 5.480 81.297
393.340 5.470 76.116
393.350 5.610 58.892
393.360 4.910 54.114
393.370 5.360 24.501
393.380 5.790 38.894
393.390 5.940 31.832
393.400 5.630 44.502
393.410 5.960 59.705
393.420 5.950 84.788
393.430 5.960 59.885
393.440 5.320 72.943
393.450 5.670 71.831
393.480 5.270 29.043
393.500 4.790 50.938
393.510 4.260 81.435
393.570 5.080 89.273
393.640 4.190 86.823
393.680 4.790 84.889
393.700 5.400 64.064
393.710 4.410 38.329
393.720 4.610 85.202
393.730 4.700 89.059
393.770 5.730 34.934
393.780 4.560 79.304
393.790 5.290 41.247
393.800 4.610 77.907
393.810 3.740 83.308
393.840 4.580 88.484
393.860 5.670 85.499
393.900 5.100 65.331
393.970 5.030 88.711
393.990 4.270 81.218
394.010 4.160 82.063
394.020 4.570 78.045
394.030 5.970 15.907
394.040 5.640 27.520
394.050 5.470 30.016
394.070 5.570 38.675
394.080 5.230 47.517
394.130 5.590 83.140
394.140 5.380 62.086
394.160 5.850 84.607
394.400 5.200 88.245
394.550 5.660 87.798
394.660 5.790 62.004
394.730 4.960 52.563
394.890 5.980 79.108
395.040 5.140 72.482
395.100 5.050 52.779
395.120 5.340 65.185
395.130 5.850 39.645
395.150 5.460 11.671
395.160 5.250 20.316
395.170 5.220 23.796
395.180 5.040 2.269
395.190 5.330 54.227
395.200 5.030 35.209
395.210 5.150 33.724
395.220 4.740 44.904
395.240 5.860 67.816
395.250 5.380 38.544
395.260 5.620 43.921
395.270 5.980 61.266
395.280 5.590 83.428
395.320 5.160 27.984
395.350 5.450 74.354
395.480 5.560 85.847
395.600 5.000 76.427
395.610 5.190 85.999
395.850 5.650 42.736
395.900 5.680 76.161
395.910 5.830 63.193
396.030 5.860 68.304
396.040 5.010 70.865
396.050 4.980 67.450
396.060 5.950 83.696
396.070 5.420 76.713
396.080 5.840 89.287
396.090 5.240 49.980
396.120 5.610 69.499
396.150 5.660 77.781
396.170 4.250 64.294
396.180 5.070 27.815
396.190 5.530 56.494
396.200 5.550 61.029
396.220 5.230 59.532
396.230 5.530 81.523
396.270 4.960 54.180
396.280 4.650 46.098
396.290 5.500 79.862
396.300 5.570 48.631
396.310 4.450 64.948
396.320 4.830 78.774
396.330 4.700 68.151
396.340 4.970 78.495
396.380 5.420 61.182
396.390 4.840 68.125
396.400 5.570 56.622
396.410 4.880 57.679
396.420 4.830 55.066
396.430 5.090 49.747
396.440 4.530 28.486
396.460 5.940 32.130
396.480 5.530 40.411
396.490 5.480 58.174
396.500 5.700 82.596
396.510 5.050 81.329
396.520 4.900 65.383
396.530 5.330 87.193
396.540 5.090 48.197
396.550 5.660 57.266
396.560 5.660 71.910
396.610 5.750 81.348
396.620 5.200 70.753
396.640 4.870 60.090
396.650 5.000 43.052
396.660 5.020 84.275
396.690 5.440 86.456
396.700 5.120 66.737
396.710 4.760 70.276
396.720 5.280 13.822
396.730 5.420 84.874
396.740 5.120 75.055
397.100 5.560 28.339
397.120 5.980 40.616
397.130 5.780 51.038
397.150 5.900 12.504
397.160 5.050 68.961
397.200 5.690 74.544
397.430 5.040 72.514
397.440 4.960 45.096
397.460 4.090 84.355
397.470 5.010 88.756
397.480 4.460 77.926
397.490 4.710 64.568
397.610 4.420 69.738
397.620 4.940 44.356
397.630 5.030 50.845
397.760 5.550 84.620
397.770 5.690 68.896
397.780 5.630 89.919
397.800 5.930 65.054
397.810 5.350 89.097
397.820 4.920 86.387
397.840 5.710 81.315
397.860 5.580 58.215
397.910 5.340 73.317
397.920 4.510 55.835
397.930 4.790 68.584
397.940 5.490 81.821
397.950 5.600 63.835
397.960 5.050 82.919
397.970 5.130 72.350
397.980 4.830 69.157
398.010 5.700 79.348
398.280 5.170 50.470
398.290 5.450 51.699
398.550 5.760 79.874
398.580 4.470 73.796
398.610 5.500 36.443
398.620 5.340 61.181
398.630 5.290 50.333
398.640 5.770 25.012
398.660 5.210 46.774
398.670 5.430 33.873
398.680 5.910 47.844
398.720 5.560 56.620
399.000 4.880 81.055
399.010 5.440 60.658
399.030 4.580 57.616
399.110 5.660 81.011
399.310 5.400 84.536
399.320 4.880 31.814
399.330 4.790 53.037
399.340 5.360 84.683
399.360 5.620 82.963
399.380 4.900 63.030
399.390 5.810 48.194
400.280 5.370 84.245
400.320 5.170 86.126
400.390 5.460 87.105
400.560 5.790 62.487
400.570 5.530 53.952
400.580 4.980 73.261
400.620 4.540 71.849
400.650 4.800 81.706
400.660 4.600 67.128
400.680 5.080 69.975
400.690 3.890 39.886
400.710 5.100 67.188
400.900 5.030 20.141
400.910 5.340 67.401
400.920 5.990 77.810
400.930 5.100 46.014
400.950 5.540 61.524
400.970 5.940 70.133
400.980 5.340 81.768
400.990 5.880 60.994
401.000 5.640 51.915
401.020 5.400 58.771
401.030 5.880 88.414
401.060 5.920 76.796
401.080 5.740 87.224
401.130 5.280 70.619
401.140 5.340 84.730
401.150 5.800 79.025
401.160 5.600 83.651
401.170 5.730 87.664
401.180 5.800 88.841
401.220 4.630 55.007
401.230 5.150 35.599
401.240 5.660 41.215
401.250 5.600 74.361
401.260 5.210 71.790
401.270 5.530 60.457
401.290 5.460 44.997
401.310 5.950 81.787
401.400 4.990 76.145
401.410 5.630 40.166
401.420 4.460 47.203
401.440 5.590 78.886
401.450 5.800 68.300
401.470 5.150 87.666
401.480 5.330 59.310
401.490 5.200 45.055
401.500 5.040 65.628
401.510 4.860 52.286
401.520 5.250 80.222
401.530 5.020 74.380
401.540 5.210 79.365
401.550 5.650 65.087
401.560 5.210 72.749
401.570 4.520 58.266
401.580 4.810 39.494
401.590 5.090 29.645
401.600 4.630 63.635
401.610 4.740 57.947
401.620 5.720 64.328
401.630 5.170 88.481
401.640 5.660 63.266
401.650 5.250 52.466
401.740 5.900 78.046
401.840 4.890 63.983
401.850 5.410 71.926
401.860 5.500 67.320
402.090 5.960 79.915
402.130 5.840 79.644
402.940 5.490 73.065
403.840 5.560 86.152
403.850 5.270 73.973
403.870 5.800 88.234
403.940 5.440 81.863
403.980 5.200 79.188
403.990 4.860 69.735
404.020 5.250 82.074
404.040 5.170 36.389
404.050 5.230 86.123
404.060 5.060 79.938
404.070 5.050 82.437
404.110 4.120 74.610
404.120 4.480 65.859
404.140 5.280 58.580
404.180 5.260 66.037
404.200 5.510 71.348
404.220 5.990 33.396
404.610 5.390 67.523
404.700 5.630 73.388
404.830 5.370 85.760
404.850 5.830 47.757
404.860 5.700 72.642
404.880 3.990 88.475
404.890 4.120 68.716
404.930 4.820 82.889
404.940 4.480 58.116
404.990 4.690 83.493
405.010 4.900 71.348
405.030 5.150 56.833
405.040 5.360 70.629
405.100 5.510 88.049
405.210 5.920 70.752
405.470 5.920 78.510
405.510 5.230 65.465
405.560 4.990 30.172
405.570 4.440 54.989
405.590 5.590 77.497
405.610 5.310 57.518
405.690 5.520 69.572
405.710 5.460 37.967
405.730 5.890 66.106
405.740 5.780 29.658
405.770 5.250 81.407
405.790 5.040 78.759
405.800 5.620 43.144
405.810 5.520 69.095
405.860 5.610 54.667
405.870 4.870 64.917
405.880 5.820 56.275
405.920 5.970 85.552
405.930 5.370 85.969
405.950 5.840 81.476
405.960 5.700 72.513
405.970 4.820 70.430
405.980 5.700 66.631
406.000 5.390 79.423
406.010 5.940 89.207
406.020 5.410 82.936
406.030 5.500 83.334
406.050 5.040 78.279
406.070 5.980 58.116
406.090 5.540 47.181
406.100 5.430 67.923
406.110 4.970 38.402
406.120 5.560 51.748
406.130 4.960 61.931
406.150 5.740 43.971
406.160 5.540 77.365
406.170 5.360 81.376
406.180 5.140 59.892
406.190 4.140 55.349
406.260 5.460 70.725
406.270 5.460 83.926
406.280 5.490 82.053
406.290 5.260 57.398
406.310 4.960 52.058
406.320 4.940 49.917
406.330 5.750 80.845
406.370 5.180 77.195
406.380 5.500 21.198
406.390 4.960 71.499
406.400 4.250 41.795
406.410 4.430 52.901
406.420 5.510 74.560
406.440 5.010 75.916
406.450 5.370 52.754
406.460 5.710 70.489
406.470 4.660 54.744
406.480 5.620 76.693
406.510 5.980 88.406
406.530 4.990 76.038
406.550 5.230 77.041
406.580 4.950 72.152
406.590 5.790 73.755
406.600 5.860 76.352
406.610 5.700 88.786
406.690 5.640 87.355
406.700 5.670 81.158
406.710 5.330 87.551
406.820 5.090 17.071
406.830 4.880 73.674
406.840 5.330 73.696
406.850 5.640 58.044
406.860 5.870 54.315
406.870 5.180 51.527
406.880 5.810 79.336
406.890 5.280 47.048
406.920 5.270 83.115
406.940 4.540 80.570
406.950 4.570 60.998
406.960 5.010 32.103
406.970 5.060 69.694
406.980 4.930 74.832
407.000 5.180 68.617
407.010 4.610 67.555
407.020 5.840 62.563
407.030 5.930 67.946
407.060 5.320 51.551
407.070 4.930 82.892
407.130 5.810 57.137
407.210 5.110 81.183
407.320 5.560 67.325
407.580 5.450 79.698
407.590 5.220 81.256
407.640 5.120 63.902
407.680 5.000 82.310
407.720 4.470 65.509
407.740 4.280 67.905
407.760 4.410 70.941
407.780 5.450 79.464
407.790 5.170 40.213
407.890 5.900 84.191
408.400 5.450 88.976
408.830 5.640 78.947
408.850 4.860 72.215
408.890 4.980 75.209
408.900 4.700 70.294
409.230 5.810 88.431
409.260 5.410 58.939
409.270 4.730 45.440
409.310 5.320 51.294
409.320 5.810 60.600
409.360 5.450 64.811
409.390 5.220 60.806
409.430 5.760 28.955
409.870 5.020 78.879
409.880 4.140 75.140
409.910 4.400 73.828
409.920 4.570 68.301
409.940 5.450 81.863
409.990 4.700 54.713
410.000 5.750 60.336
410.040 5.030 74.315
410.050 4.900 48.679
410.060 5.470 89.132
410.070 5.520 40.827
410.080 5.550 52.512
410.090 4.820 74.102
410.100 5.190 78.429
410.120 5.760 26.205
410.130 5.840 62.022
410.150 5.350 79.456
410.160 5.440 76.864
410.180 5.180 85.647
410.190 5.180 89.386
410.250 5.870 82.040
410.980 5.990 77.897
411.040 4.100 79.315
411.070 5.740 75.364
411.110 5.910 88.757
411.120 5.740 72.446
411.550 5.130 65.453
411.560 5.750 58.361
411.570 5.780 65.801
412.110 5.360 70.551
413.460 4.570 75.677
413.480 4.830 84.013
413.500 5.810 67.303
413.520 5.600 82.487
413.530 5.210 84.320
413.540 5.140 44.093
413.550 5.140 33.078
413.560 5.150 52.756
413.570 5.530 74.623
413.580 5.130 29.006
413.590 4.440 83.122
413.600 5.250 84.198
413.610 5.950 84.927
413.620 5.860 77.858
413.810 5.980 85.548
414.710 5.780 85.051
414.840 5.650 71.490
414.930 5.890 84.306
415.960 5.300 81.844
416.140 5.940 89.149
416.320 5.920 64.238
416.350 5.310 75.596
416.360 4.920 87.284
416.390 5.890 73.955
416.400 4.840 79.140
416.450 5.090 72.079
416.460 5.400 88.581
416.510 5.060 66.423
416.520 5.360 81.905
416.530 5.230 83.944
416.540 5.170 62.139
416.640 5.600 77.620
416.650 5.260 84.333
416.680 4.880 74.310
416.690 5.400 75.610
416.700 5.910 67.947
416.710 5.710 69.436
416.720 5.530 75.145
416.790 4.740 78.827
416.800 5.490 72.524
416.860 5.800 79.588
416.930 5.900 81.391
416.960 5.400 73.536
416.970 5.880 77.993
416.980 5.010 75.741
417.000 5.860 58.972
417.040 5.470 70.295
417.240 5.590 71.058
417.250 5.720 79.005
417.260 5.290 74.351
417.460 5.880 88.106
417.470 6.000 31.610
417.520 5.710 50.018
417.590 5.310 89.871
417.670 4.640 85.593
417.680 5.300 87.235
417.760 5.020 87.728
417.790 5.010 76.011
417.800 4.970 75.781
417.810 5.000 75.380
417.820 4.470 86.154
417.830 5.420 68.653
417.840 5.350 68.939
417.850 4.500 44.619
417.870 5.570 69.240
417.880 5.480 75.943
417.890 5.290 76.592
417.900 4.390 33.230
417.910 4.570 26.695
417.920 4.570 39.468
417.930 4.270 26.580
417.940 5.370 77.510
417.950 5.080 46.427
417.960 5.270 76.661
417.970 4.780 41.868
417.980 5.460 63.339
417.990 4.750 65.956
418.000 5.550 51.102
418.010 5.590 64.414
418.020 5.760 33.399
418.130 5.780 65.328
418.140 4.860 38.437
418.150 5.530 61.737
418.160 5.100 43.018
418.170 4.330 53.977
418.180 5.440 43.902
418.190 5.200 41.878
418.200 5.060 58.583
418.210 5.200 33.585
418.230 5.670 59.146
418.240 5.160 39.739
418.250 5.500 37.639
418.260 5.490 69.369
418.270 5.920 42.046
418.280 5.840 55.873
418.300 5.890 84.262
418.460 5.970 73.848
418.470 5.490 84.015
418.490 5.650 72.958
419.600 5.760 84.398
419.610 5.910 79.605
420.190 5.780 83.283
424.880 5.960 75.170
426.390 5.600 69.617
426.410 5.870 69.828
426.430 5.990 54.582
427.280 5.730 71.147
427.300 5.820 77.137
427.330 5.620 72.118
429.510 5.630 56.784
431.440 5.660 70.722
431.900 5.770 84.641
432.010 5.720 64.802
432.110 4.530 68.711
432.130 5.790 79.520
432.140 5.450 79.517
432.150 5.360 73.535
432.170 5.690 74.288
432.580 5.750 86.763
433.760 5.920 62.333
433.780 5.890 15.579
433.810 5.310 88.636
433.820 5.180 78.984
433.830 4.840 73.462
433.840 4.510 69.936
433.860 5.030 80.902
433.870 5.510 54.990
433.900 5.790 47.274
433.910 5.800 81.402
433.930 5.640 81.707
433.970 4.810 75.745
433.980 5.110 79.644
433.990 5.480 85.099
434.000 5.470 67.571
434.010 5.220 35.688
434.020 5.140 89.843
434.030 5.810 73.995
434.040 4.810 71.309
434.050 4.960 59.365
434.060 5.780 74.845
434.070 5.910 70.774
434.090 5.830 71.662
434.100 5.590 62.461
434.120 5.270 39.213
434.130 5.750 56.173
434.140 4.810 46.718
434.150 5.390 86.922
434.160 5.990 77.527
434.170 4.950 73.488
434.180 5.700 73.763
434.190 5.260 70.702
434.200 5.430 78.151
434.220 5.320 89.941
434.230 5.510 83.472
434.240 4.670 67.600
434.270 4.750 71.193
434.280 5.100 84.955
434.290 5.910 85.942
434.300 5.090 51.915
434.320 4.700 25.520
434.340 5.120 76.876
434.350 5.880 73.935
434.360 5.220 89.012
434.370 5.500 44.896
434.380 5.220 48.930
434.400 4.840 77.293
434.410 5.340 89.869
434.420 5.540 80.581
434.480 5.380 89.794
434.550 5.630 80.935
434.640 5.560 86.915
434.700 5.370 77.538
434.730 5.540 81.752
434.760 5.180 87.904
434.770 4.790 75.901
434.980 5.800 85.184
435.000 5.480 80.985
435.230 5.730 89.605
435.560 4.900 77.957
435.630 5.840 86.982
435.650 5.040 89.203
435.680 4.910 73.913
435.700 5.420 86.121
435.790 5.400 86.080
435.920 5.290 83.949
435.940 4.200 25.532
435.950 5.250 22.092
435.960 5.300 27.477
435.980 5.620 26.973
436.040 5.900 33.470
436.050 5.790 31.000
436.060 5.730 43.799
436.070 5.910 39.452
436.090 5.940 33.395
436.100 5.680 71.000
436.110 4.790 64.765
436.120 5.070 86.225
436.140 5.160 78.753
436.180 5.330 79.116
436.190 5.570 59.244
436.360 4.650 71.808
436.730 5.810 75.118
436.740 5.260 78.303
437.730 5.860 79.429
439.620 5.900 28.586
439.640 5.830 45.657
439.680 5.810 43.130
439.690 5.370 66.006
439.710 5.110 66.110
439.730 5.730 76.784
442.040 5.830 87.353
443.280 5.530 62.862
443.290 5.640 71.438
443.430 5.910 62.562
443.930 4.820 81.742
443.940 4.910 57.193
444.020 5.860 69.386
444.510 5.910 84.437
444.770 5.570 72.424
444.790 5.920 77.941
444.840 5.230 85.287
444.890 4.780 89.784
444.930 5.970 87.919
444.940 5.000 88.403
444.980 5.290 60.893
444.990 4.760 88.567
445.160 5.950 85.995
445.180 5.050 80.638
445.190 5.060 59.451
445.200 4.840 59.814
445.210 5.100 65.915
445.220 5.220 87.606
445.240 4.730 81.676
445.250 4.990 75.284
445.260 4.110 89.661
445.280 5.610 86.143
445.290 5.170 84.817
445.540 5.580 83.482
445.790 5.440 84.913
445.830 5.810 83.043
445.850 5.940 75.752
445.910 5.560 70.027
445.920 5.550 81.021
445.930 5.620 67.216
445.960 5.630 65.976
445.980 4.890 73.415
445.990 5.210 62.766
446.000 5.180 74.280
446.010 5.360 66.985
446.020 5.570 61.269
446.060 5.010 72.723
446.090 5.820 31.026
446.100 5.420 36.679
446.110 5.670 27.151
446.180 5.910 37.453
446.210 5.040 37.904
446.280 5.030 75.312
446.330 5.180 60.763
446.350 5.220 76.002
446.360 5.220 47.612
446.370 5.350 36.418
446.440 6.000 85.076
446.450 5.490 39.755
446.460 5.570 32.519
446.510 5.340 63.732
446.520 5.480 37.453
446.540 5.890 32.720
446.550 5.860 41.470
446.560 5.930 20.888
446.570 5.400 16.337
448.860 5.720 85.506
450.740 5.600 60.024
450.960 5.760 66.677
450.970 5.090 68.806
450.980 5.640 83.847
450.990 5.480 79.607
451.000 5.300 64.093
451.010 5.620 75.537
451.020 5.630 76.995
451.030 5.950 89.887
451.040 5.530 66.959
451.060 5.970 56.218
451.070 5.210 73.488
451.080 4.860 39.481
451.090 5.010 62.144
451.100 5.090 60.270
451.110 5.360 29.829
451.120 4.340 62.918
451.130 4.870 54.061
451.140 5.790 46.526
451.160 4.740 78.804
451.170 5.240 63.410
451.230 5.160 72.879
451.240 4.450 65.084
451.250 4.540 85.395
451.260 5.840 79.369
451.270 4.960 72.917
451.280 6.000 66.028
451.350 5.750 68.341
455.390 6.000 76.320
459.810 6.000 56.832
460.000 5.800 87.842
460.010 5.810 79.989
460.020 5.370 74.021
460.120 5.560 69.812
460.130 5.350 75.381
460.150 5.880 81.472
460.190 5.320 77.179
460.200 5.380 78.690
460.210 5.600 74.226
460.220 5.700 73.544
460.230 5.350 68.560
460.240 5.920 60.294
461.210 5.240 79.469
461.250 5.870 79.982
461.280 5.990 74.405
461.300 5.480 72.326
461.310 5.950 65.241
461.320 5.360 75.618
461.330 4.860 66.176
461.340 5.240 59.365
461.350 5.870 72.190
461.370 4.340 81.412
461.380 4.610 75.023
461.430 4.810 35.136
461.440 5.510 22.409
461.450 5.170 56.984
461.460 5.300 71.895
461.470 5.200 67.500
461.490 5.690 26.059
461.510 5.600 33.891
461.540 5.130 11.585
461.570 5.910 29.113
461.590 5.830 79.399
461.640 5.570 51.500
461.650 5.180 8.070
461.660 4.560 39.252
461.670 5.310 81.479
461.680 5.550 19.304
461.690 5.860 42.565
461.710 5.970 55.293
461.730 5.580 67.972
461.740 5.880 23.487
461.840 5.210 36.770
461.870 5.540 48.668
461.890 5.890 30.137
462.500 5.770 27.408
462.550 4.970 58.029
462.560 4.620 75.095
462.580 5.960 34.682
462.590 5.050 51.823
462.600 5.120 44.721
462.610 5.520 44.493
462.630 5.750 12.996
462.640 5.650 27.604
462.650 5.300 33.288
462.660 5.440 24.401
462.680 5.310 89.799
462.870 5.390 78.028
463.080 5.710 82.757
463.090 5.800 53.441
463.100 5.800 86.164
463.180 5.940 79.469
463.190 5.230 37.514
463.200 5.180 77.538
463.230 4.640 69.269
463.240 4.910 75.514
463.250 5.010 78.604
463.260 5.120 78.093
463.270 4.970 62.930
463.290 5.770 34.030
463.310 5.180 14.783
463.320 5.640 23.326
463.330 5.560 43.984
463.360 5.960 74.114
463.410 5.890 58.124
463.480 5.270 82.370
463.520 5.740 61.308
463.570 5.730 86.796
463.800 5.590 76.940
464.210 5.740 64.511
464.230 5.900 67.704
464.420 5.480 73.421
464.430 5.930 24.766
464.600 5.450 17.702
464.610 5.990 27.048
464.620 5.720 38.341
464.730 5.820 26.776
464.750 5.670 30.560
464.770 5.720 36.127
464.780 5.660 57.307
464.790 5.550 47.746
464.800 5.720 45.176
464.810 5.400 37.178
464.820 5.450 81.869
464.830 5.980 88.344
464.850 5.490 24.943
464.860 5.120 87.008
464.870 5.220 48.285
464.880 4.920 30.520
464.890 5.740 26.804
464.950 5.940 48.311
465.060 5.520 50.732
465.070 4.860 50.068
465.080 4.920 63.824
465.090 5.080 45.208
465.100 5.870 48.048
465.110 5.070 55.099
465.120 5.020 40.435
465.140 5.680 43.840
465.150 5.410 39.486
465.160 5.970 50.106
465.170 5.290 25.539
465.180 5.590 23.261
471.370 5.600 36.711
471.470 5.730 78.463
471.480 5.420 87.683
471.490 5.550 79.224
471.540 5.500 73.556
471.550 5.690 73.496
471.580 5.950 70.494
473.090 5.810 83.310
473.220 5.490 70.258
473.230 5.990 79.955
473.360 5.630 88.712
473.500 5.710 70.968
474.370 5.760 80.288
475.790 4.730 72.109
475.800 4.700 75.482
475.840 5.280 34.421
475.850 5.110 25.071
475.860 5.610 10.151
475.890 4.740 69.243
475.900 5.130 88.330
476.740 5.020 55.600
476.940 5.970 84.435
477.870 4.930 82.487
477.890 5.460 63.123
477.960 5.930 25.760
477.990 5.820 15.379
478.000 5.900 16.830
478.010 5.620 14.247
478.030 5.800 8.177
478.060 5.800 21.674
478.080 5.840 20.436
478.090 5.920 30.472
478.100 5.460 12.382
478.110 5.960 20.939
478.120 4.920 39.986
478.130 5.080 18.388
478.140 5.290 21.664
478.150 5.210 25.847
478.160 5.450 32.157
478.170 5.320 11.409
478.250 5.700 72.382
478.270 5.940 55.353
478.520 5.630 24.278
478.530 5.850 89.099
478.540 5.320 83.070
478.550 5.970 50.087
478.560 5.840 78.981
478.570 5.560 76.810
478.580 5.810 73.083
478.590 5.040 66.311
478.600 5.620 74.864
478.640 5.680 65.270
478.660 5.150 88.816
478.690 5.630 85.428
478.710 5.710 70.204
478.740 5.540 67.645
478.750 5.460 63.245
478.760 5.540 65.064
478.770 5.180 78.235
478.780 5.370 84.586
478.790 5.440 73.603
478.800 5.370 85.224
478.810 5.070 86.722
478.820 5.770 70.369
478.840 5.940 55.641
478.850 5.170 88.810
478.880 4.970 77.911
478.890 5.980 79.099
478.970 5.480 70.945
478.980 5.920 61.877
478.990 5.940 65.640
479.000 5.680 64.744
479.010 5.830 61.763
479.020 5.980 65.539
479.050 5.310 76.731
479.110 5.700 85.367
479.120 5.980 75.751
479.140 5.740 42.588
479.160 6.000 15.818
479.200 6.000 63.570
479.260 5.770 84.534
479.270 5.770 71.250
479.330 5.780 69.971
479.350 5.980 77.669
479.370 6.000 5.115
479.420 5.700 74.158
479.430 5.740 35.187
479.450 5.710 72.556
479.460 5.610 85.060
479.510 5.960 69.083
479.530 6.000 50.539
479.690 5.980 63.626
479.730 5.860 85.740
479.760 5.300 79.445
479.780 5.600 82.904
479.790 5.890 85.191
479.810 5.890 61.031
479.830 5.620 80.452
479.840 5.880 58.683
479.870 5.250 64.358
479.880 5.620 55.075
479.890 5.740 65.365
479.910 5.110 57.621
479.960 5.620 79.807
479.980 5.220 69.798
480.120 5.970 64.742
480.130 5.600 87.456
480.280 5.910 80.220
480.310 5.470 77.697
480.410 5.480 74.183
480.420 5.450 85.732
480.430 5.800 55.698
480.460 5.860 49.052
480.480 5.620 58.866
480.500 5.330 77.564
480.510 5.850 82.078
480.520 5.660 79.922
480.570 5.920 41.938
480.580 5.660 73.089
480.620 5.030 81.526
480.630 5.260 77.294
480.640 5.150 82.004
480.650 5.500 74.283
480.660 5.550 66.360
480.670 5.270 73.766
480.680 5.980 47.254
480.690 5.490 65.259
480.700 5.310 43.782
480.710 5.490 52.167
480.730 5.430 70.516
480.740 5.130 84.113
480.750 4.860 77.328
480.760 5.430 78.175
480.770 5.560 78.340
480.790 5.370 79.736
480.800 5.050 72.707
480.820 5.690 60.621
480.830 5.560 65.745
480.840 4.800 75.002
480.850 5.400 69.851
480.860 5.690 70.049
480.870 5.870 63.057
480.880 5.530 77.676
480.890 5.400 83.198
480.900 5.400 72.105
480.910 5.420 78.175
480.920 5.380 69.448
480.950 5.960 82.540
480.960 5.550 64.848
480.970 5.460 59.494
481.030 5.720 54.957
481.040 5.550 88.582
481.050 5.850 59.682
481.070 5.540 75.425
481.100 5.800 60.067
481.180 5.310 81.131
481.190 5.690 63.469
481.230 5.060 70.249
481.320 5.940 70.126
481.330 5.700 67.792
481.340 5.530 72.021
481.350 5.510 80.526
481.360 5.910 84.737
481.390 5.530 68.124
481.410 5.310 73.357
481.420 5.420 80.076
481.430 5.380 75.541
481.440 5.390 71.420
481.450 5.560 75.611
481.460 5.680 70.759
481.470 5.690 78.757
481.480 5.970 78.524
481.490 5.910 79.716
481.510 5.930 70.477
481.520 5.800 71.156
481.530 5.810 71.247
481.540 5.510 80.830
481.550 5.580 65.095
481.560 5.860 81.886
481.580 5.620 68.312
481.590 6.000 81.649
481.600 5.990 79.422
481.670 4.460 45.239
481.680 4.910 59.027
481.690 4.420 87.968
481.700 4.560 56.412
481.720 4.760 59.110
481.730 4.920 60.630
482.530 5.750 60.513
482.590 5.950 51.695
482.600 5.480 76.728
482.680 5.960 33.457
482.690 5.970 15.035
482.760 5.480 44.786
482.920 5.270 47.872
482.940 4.720 63.898
482.980 5.030 46.763
483.010 5.850 31.797
483.020 5.290 49.666
483.030 5.290 32.764
483.060 5.740 12.283
483.100 5.430 8.560
483.310 5.940 4.697
483.320 5.070 42.342
483.330 5.140 32.954
483.340 5.240 30.522
483.350 5.760 42.939
483.370 5.290 56.185
483.380 5.570 60.001
483.390 5.450 35.515
483.400 5.650 34.358
483.420 5.210 36.981
483.430 5.590 6.624
483.440 5.880 33.218
483.450 5.890 25.044
483.460 5.190 47.541
483.470 5.940 15.758
483.480 5.190 57.079
483.500 5.260 42.549
483.510 5.060 65.512
483.520 5.530 42.160
483.530 5.690 37.878
483.540 5.420 47.421
483.550 5.690 37.275
483.560 5.440 34.272
483.570 5.370 36.592
483.580 5.020 65.837
483.590 5.000 60.427
483.600 4.390 50.530
483.610 4.400 59.913
483.620 4.630 55.874
483.630 4.450 62.943
483.640 4.980 72.041
483.650 4.360 84.098
483.660 5.690 55.767
483.670 5.250 36.347
483.680 4.360 76.231
483.690 4.700 48.658
483.700 5.050 20.313
483.710 5.080 27.288
483.720 4.720 61.271
483.740 4.280 78.244
483.750 4.780 76.320
483.760 4.710 84.722
483.770 4.810 81.996
483.780 4.960 60.460
483.790 4.720 52.852
483.800 4.410 70.020
483.810 5.080 75.444
483.820 4.490 76.081
483.830 5.220 47.991
483.840 4.600 43.812
483.850 4.890 46.518
483.860 5.380 65.043
483.870 4.780 70.458
483.880 4.840 70.040
483.890 4.800 62.473
483.900 4.490 82.956
483.910 4.700 65.150
483.920 5.030 60.991
483.940 4.720 82.073
483.950 4.660 73.229
483.960 5.070 41.206
483.970 5.310 81.133
483.980 5.100 55.879
483.990 5.250 76.786
484.000 5.030 52.028
484.010 4.990 68.022
484.030 5.020 50.334
484.050 4.800 72.636
484.060 5.010 63.057
484.070 4.610 54.632
484.080 5.630 44.300
484.090 4.780 50.960
484.100 5.200 78.805
484.110 4.790 52.343
484.120 4.920 37.323
484.130 5.370 47.398
484.140 5.310 57.941
484.150 5.960 59.985
484.170 5.380 52.967
484.180 5.500 31.488
484.190 5.230 46.835
484.210 5.500 44.562
484.230 5.670 24.880
484.240 5.790 46.760
484.250 5.450 47.580
484.260 5.600 46.712
484.270 5.600 34.442
484.280 5.960 50.444
484.380 6.000 24.714
484.590 5.690 30.875
484.870 5.970 27.242
485.060 5.470 37.110
485.070 4.780 51.513
485.080 5.480 21.286
485.090 5.520 42.111
485.460 5.670 52.790
485.470 5.220 51.185
485.480 5.270 66.853
485.490 5.100 40.486
485.500 5.960 17.915
485.990 5.990 20.570
486.150 6.000 25.473
486.170 5.640 43.845
486.390 5.880 51.801
486.400 5.680 78.805
486.430 5.490 61.584
486.440 5.320 68.243
486.450 5.590 78.680
486.460 5.570 70.942
486.480 5.680 75.910
486.490 5.980 66.522
486.510 6.000 69.755
486.520 5.410 77.096
486.540 5.530 52.529
486.550 5.470 43.984
486.560 5.980 59.455
486.570 5.730 54.826
486.580 5.300 68.541
486.590 5.630 68.802
486.600 5.670 69.363
486.610 5.090 46.559
486.620 4.660 70.726
486.630 5.280 47.552
486.640 5.220 87.670
486.650 5.860 62.457
486.660 5.670 53.394
486.730 5.930 80.467
486.890 5.680 32.701
487.010 5.650 56.727
487.030 5.830 32.203
487.190 5.940 13.780
487.220 5.990 16.245
487.680 5.610 32.390
487.700 5.940 28.761
487.710 5.630 33.601
487.740 5.710 12.609
487.980 5.980 33.503
487.990 6.000 54.484
488.000 5.410 46.297
488.010 5.260 45.079
488.030 5.970 29.901
488.070 5.870 21.540
488.230 5.900 26.442
488.240 5.590 25.523
488.250 5.710 64.932
488.290 5.230 68.172
488.300 5.470 73.615
488.340 5.350 37.401
488.350 5.240 48.337
488.360 5.500 48.964
488.370 4.990 71.520
488.380 5.750 55.017
488.390 5.460 52.222
488.410 5.730 24.186
488.440 5.460 32.561
488.450 5.980 29.142
488.460 5.580 47.707
488.470 5.650 42.754
488.480 5.540 48.261
488.510 5.490 39.935
488.520 5.560 34.426
488.530 4.990 45.432
488.540 5.770 26.378
488.550 5.870 45.157
488.560 4.870 61.885
488.590 5.510 38.314
488.600 5.240 53.976
488.820 5.850 79.781
488.910 5.980 64.640
488.990 5.990 87.349
489.350 5.930 42.155
489.500 5.940 53.374
489.760 5.270 42.714
489.770 5.560 46.759
489.780 5.070 43.193
489.790 5.840 48.941
489.860 5.730 51.799
489.920 5.920 31.604
489.930 5.790 57.211
489.940 5.760 62.951
490.030 5.550 12.353
490.040 5.310 38.003
490.050 4.950 50.491
490.060 5.370 56.960
490.070 5.060 67.552
490.080 5.020 51.338
490.090 5.210 45.334
490.100 5.160 72.753
490.120 5.190 87.409
490.130 4.880 24.596
490.140 5.250 30.384
490.150 4.930 47.758
490.160 5.530 40.860
490.170 5.170 35.208
490.180 5.700 42.423
490.190 5.160 71.440
490.200 5.110 39.122
490.210 5.530 45.524
490.220 5.380 16.846
490.230 5.190 44.422
490.240 5.470 68.353
490.250 4.890 35.628
490.260 5.490 57.562
490.270 5.260 58.911
490.290 5.190 56.242
490.310 5.750 47.123
490.320 5.410 49.025
490.330 5.960 11.690
490.340 5.360 46.948
490.350 5.890 59.994
490.400 5.470 81.761
490.410 5.800 59.135
490.430 5.750 85.635
490.440 5.280 82.170
490.490 5.720 31.165
490.540 5.900 62.721
490.550 5.550 81.336
490.560 5.760 65.029
490.570 5.860 77.861
490.730 5.920 71.000
490.750 5.710 82.382
490.770 5.520 74.619
490.780 5.510 87.120
490.970 5.810 62.681
491.130 5.440 33.791
491.170 5.960 15.514
491.180 5.550 37.659
491.190 5.950 22.075
491.280 5.870 14.409
491.510 5.600 16.339
491.600 5.900 22.115
491.660 6.000 30.821
491.680 5.980 46.730
492.000 5.800 64.256
492.020 5.150 65.805
492.030 5.510 80.046
492.040 5.440 69.767
492.050 5.380 61.304
492.060 5.300 75.431
492.070 5.700 72.147
492.120 5.580 76.157
492.140 5.410 81.971
492.660 5.940 85.358
492.690 5.890 79.878
492.720 5.790 77.261
492.790 5.610 84.067
492.810 5.650 53.901
492.820 5.730 78.127
493.300 5.920 82.404
493.410 5.930 78.162
493.460 5.600 83.585
493.830 5.870 50.498
493.840 5.470 43.475
493.850 5.630 63.417
493.880 5.600 13.121
497.830 5.060 74.241
497.880 5.700 81.592
497.960 5.760 64.035
497.980 5.220 83.504
497.990 5.730 55.005
498.120 5.090 81.523
498.130 5.550 71.662
498.140 5.470 78.999
498.160 5.720 60.834
498.210 5.800 80.267
498.220 5.850 60.719
499.880 5.850 89.248
500.620 5.910 89.054
500.720 5.740 78.779
500.790 5.820 81.840
500.810 5.870 85.623
501.630 5.650 86.844
502.400 5.880 73.186
502.410 5.810 61.323
502.420 5.770 56.910
502.950 5.490 51.808
502.990 5.900 57.641
503.000 5.880 62.561
503.020 5.850 83.760
503.070 5.310 76.853
503.130 5.610 82.794
503.220 5.650 71.653
503.250 4.780 86.618
503.260 4.820 68.557
503.300 5.440 75.075
503.310 4.620 89.235
503.320 5.140 78.545
503.340 5.120 71.714
503.430 5.400 81.821
503.440 5.870 71.407
503.450 5.240 76.844
503.530 4.400 84.937
503.550 5.390 78.907
503.560 5.950 55.967
503.570 5.390 78.903
503.580 5.120 88.294
503.590 5.040 79.823
503.600 4.850 76.574
503.630 4.970 70.862
505.760 5.880 64.016
507.180 5.920 81.714
508.500 5.870 86.440
508.540 5.640 86.778
508.680 5.620 81.335
508.820 5.710 75.879
509.440 4.840 87.816
509.630 4.920 50.325
509.640 4.830 57.816
509.660 5.960 51.356
509.680 6.000 36.940
509.700 5.710 32.344
509.730 5.140 84.653
509.740 4.810 22.986
509.750 5.600 18.830
509.760 5.540 48.405
509.770 5.590 19.041
509.780 4.930 13.852
509.790 5.580 39.949
509.800 5.610 52.902
509.810 5.520 34.676
509.820 5.400 37.789
509.830 5.780 41.021
509.850 5.100 15.943
509.860 5.390 65.399
509.880 5.420 61.472
509.890 5.030 48.748
509.900 5.060 17.748
509.910 4.520 27.928
509.920 4.630 76.365
509.970 5.560 77.379
510.000 5.360 39.401
510.040 4.550 70.441
510.050 4.290 87.920
510.070 5.720 85.707
510.110 4.820 68.557
510.120 5.450 71.541
510.130 4.820 48.440
510.270 5.080 68.647
510.380 5.130 88.111
510.400 4.910 70.116
510.410 5.330 75.702
510.530 5.930 69.539
510.540 5.080 76.466
510.550 5.910 78.672
510.570 5.800 64.336
510.580 5.800 73.601
510.590 6.000 82.968
510.650 5.970 69.300
510.690 5.190 65.997
510.700 5.080 25.631
510.730 5.040 70.884
510.740 4.880 25.382
510.750 4.950 67.688
510.820 5.320 62.612
510.830 5.440 48.176
510.840 5.670 64.611
510.870 4.730 75.522
511.070 6.000 80.277
511.390 5.840 84.452
511.400 5.450 77.246
511.410 5.640 78.644
511.420 5.080 75.115
511.440 5.490 88.556
511.470 5.200 77.063
511.480 4.830 88.836
511.490 5.330 79.949
511.510 5.260 87.519
511.620 5.220 68.621
511.630 5.040 72.746
511.650 5.360 79.258
511.700 5.640 58.036
511.750 5.830 73.618
511.760 5.950 65.186
511.820 5.180 68.239
511.840 5.910 58.581
511.850 5.510 63.106
511.880 5.870 65.125
511.890 5.740 68.704
511.900 5.050 80.019
511.910 5.790 51.931
512.400 5.950 82.576
512.470 5.970 30.238
512.500 5.780 65.845
513.200 4.660 87.221
513.600 4.600 62.897
513.610 4.420 60.881
513.640 5.770 40.749
513.760 4.210 89.657
513.840 4.620 48.192
513.850 4.080 83.611
513.860 3.840 51.139
513.960 4.190 89.851
513.980 5.580 87.710
514.050 4.960 86.174
514.150 4.320 77.248
514.160 5.660 86.288
514.260 4.200 77.133
514.350 4.470 85.874
514.370 4.670 84.313
514.410 5.950 77.060
514.430 5.890 44.784
514.440 5.400 55.715
514.450 5.280 89.446
514.460 5.420 79.364
514.520 4.980 86.181
514.530 5.060 83.331
514.540 5.600 14.566
514.550 4.760 40.306
514.560 5.510 76.263
514.570 4.280 55.116
514.580 4.410 65.638
514.590 5.440 65.124
514.600 4.580 50.369
514.610 4.540 59.540
514.630 5.630 68.826
514.650 5.190 73.575
514.680 5.000 60.427
514.690 5.550 69.620
514.800 5.310 89.565
514.830 5.000 74.863
514.840 5.890 80.125
514.860 5.440 75.456
514.880 5.330 79.714
514.890 5.300 51.412
514.900 4.910 70.040
514.910 5.010 85.610
514.930 4.900 82.722
514.960 5.180 88.007
514.980 5.130 89.830
515.460 5.600 75.351
515.490 4.870 88.998
515.550 5.240 68.122
515.560 5.730 69.809
515.580 5.160 76.247
515.680 4.960 72.690
515.700 5.640 77.187
515.710 4.860 76.074
515.730 5.450 89.021
515.850 5.040 71.811
515.990 4.460 83.241
516.000 4.440 81.981
516.010 4.690 79.984
516.020 5.010 80.843
516.060 5.480 66.380
516.090 5.650 71.694
516.100 4.680 62.203
516.120 4.750 53.812
516.130 5.130 57.751
516.140 4.510 39.733
516.150 5.060 55.424
516.160 4.670 64.485
516.170 4.560 83.979
516.180 5.480 69.069
516.200 5.320 61.839
516.210 5.350 86.117
516.220 4.900 83.999
516.230 5.130 78.496
516.240 4.740 48.042
516.270 5.500 62.881
516.280 5.170 76.772
516.310 4.800 84.999
516.440 5.500 72.951
516.460 5.710 84.528
516.470 5.710 65.119
516.480 4.880 71.607
516.490 5.210 44.928
516.500 5.350 87.240
516.520 5.420 76.520
516.530 5.840 68.363
516.540 5.870 70.222
516.570 5.020 74.987
516.590 5.250 59.618
516.620 4.940 84.286
516.630 5.180 73.521
516.640 5.920 75.254
516.660 4.580 65.640
516.670 4.870 51.009
516.680 5.570 73.635
516.700 4.870 73.538
516.710 5.890 87.611
516.730 5.050 27.659
516.740 4.530 76.676
516.770 5.180 49.915
516.780 4.890 50.252
516.790 5.420 86.790
516.800 5.560 86.106
516.810 5.320 74.082
516.870 5.320 78.776
516.950 5.580 48.983
516.960 5.620 33.087
516.970 5.460 71.004
516.980 4.560 31.147
516.990 5.720 63.566
517.000 5.020 62.693
517.010 4.790 72.561
517.020 5.330 47.173
517.030 5.190 82.731
517.040 4.930 78.764
517.050 5.100 50.506
517.060 5.200 63.287
517.070 4.490 60.672
517.080 4.200 56.047
517.090 5.810 27.055
517.110 5.370 79.538
517.120 5.260 48.569
517.130 5.410 78.825
517.140 5.320 52.182
517.150 5.590 73.178
517.160 5.030 61.366
517.170 5.770 46.482
517.180 5.050 67.925
517.190 5.410 89.246
517.200 6.000 72.390
517.230 4.090 66.262
517.240 5.000 72.953
517.250 5.340 65.122
517.260 4.810 63.841
517.270 5.650 73.868
517.410 5.720 79.029
517.450 5.420 63.671
517.470 5.060 76.206
517.590 4.600 81.930
517.640 4.560 73.441
517.680 5.180 48.188
517.700 5.990 32.958
517.770 4.990 50.842
517.780 5.810 52.983
517.790 4.940 42.038
517.810 4.900 71.017
517.820 4.630 68.995
517.830 5.330 75.228
517.840 5.670 47.934
517.860 4.620 68.209
517.880 5.510 63.182
517.890 4.810 77.766
517.900 5.570 70.704
517.910 5.870 80.016
517.920 4.690 85.260
517.990 5.920 83.744
518.020 4.760 63.902
518.030 4.780 69.002
518.040 4.440 37.938
518.060 4.040 76.415
518.070 4.820 78.045
518.080 4.900 76.536
518.110 5.960 81.456
518.210 4.880 68.945
518.230 4.970 30.967
518.270 5.060 80.097
518.360 5.030 85.577
518.370 5.640 86.132
518.400 5.700 80.877
519.330 5.290 87.103
519.450 5.960 84.213
519.540 5.130 27.933
519.550 4.260 50.915
519.560 4.580 83.650
519.580 4.530 81.956
519.590 5.200 83.760
519.600 4.240 66.288
519.620 5.470 60.767
519.640 4.810 53.365
519.650 5.100 17.262
519.660 5.250 72.250
519.670 4.680 44.289
519.680 5.440 79.090
519.690 4.840 87.064
519.720 4.720 73.032
519.730 4.820 71.170
519.740 4.130 66.679
519.750 4.140 72.425
519.760 5.050 84.734
519.770 4.830 68.439
519.860 5.670 69.700
519.880 5.630 68.031
519.890 5.780 62.446
519.900 5.790 80.068
519.910 5.850 56.675
519.950 5.610 78.051
519.970 5.560 71.501
519.980 4.370 89.923
519.990 4.160 62.430
520.000 3.740 42.670
520.010 3.340 48.129
520.020 3.770 37.639
520.030 3.250 42.142
520.040 3.720 52.591
520.050 3.580 45.591
520.060 3.490 15.257
520.070 3.380 39.309
520.080 3.540 61.470
520.090 3.600 31.834
520.100 3.590 37.909
520.110 3.460 55.923
520.120 3.640 78.193
520.130 4.030 39.957
520.140 3.940 53.468
520.150 3.650 47.566
520.160 3.830 68.317
520.170 3.640 50.222
520.180 3.540 47.716
520.190 3.740 50.789
520.200 3.680 49.149
520.210 3.640 42.644
520.230 3.970 83.762
520.240 3.670 85.495
520.250 3.730 65.238
520.260 3.960 45.309
520.270 3.460 25.626
520.280 3.460 80.655
520.290 3.530 42.447
520.300 3.370 46.604
520.310 3.730 49.069
520.320 3.720 36.839
520.330 3.730 61.444
520.340 3.460 53.440
520.350 3.470 55.056
520.360 3.440 31.038
520.370 3.510 49.746
520.380 3.420 37.372
520.390 3.830 35.943
520.400 3.440 54.940
520.410 3.460 47.832
520.420 3.580 46.848
520.430 3.300 60.319
520.440 3.490 69.802
520.450 3.550 67.001
520.460 3.520 76.466
520.470 3.560 43.256
520.480 3.510 47.909
520.500 4.490 59.044
520.510 4.040 53.632
520.520 4.800 49.891
520.540 5.630 60.531
520.550 5.270 89.706
520.560 4.110 88.691
520.580 4.580 88.750
520.600 3.620 57.227
520.610 4.040 50.166
520.630 4.300 81.838
520.650 4.970 80.065
520.660 3.350 52.892
520.670 4.590 79.609
520.680 3.740 23.622
520.690 3.690 29.519
520.700 3.890 29.556
520.710 3.630 19.296
520.720 3.980 22.528
520.730 4.530 31.188
520.740 4.470 17.791
520.750 5.000 55.137
520.760 4.690 69.701
520.770 4.190 31.415
520.780 4.540 64.866
520.790 4.910 39.881
520.800 4.840 43.888
520.810 4.990 77.615
520.820 4.440 32.758
520.830 4.410 42.451
521.300 5.770 85.687
521.470 5.920 76.625
521.850 5.860 83.333
521.920 5.360 88.236
521.950 5.550 88.135
521.980 5.400 67.620
522.010 5.440 72.582
522.020 5.760 72.175
522.030 5.940 63.384
522.060 5.650 86.930
522.080 5.620 82.802
522.090 5.810 67.755
522.100 5.700 64.128
522.110 5.580 82.732
522.250 5.360 42.343
522.280 5.630 74.002
522.330 5.140 80.831
522.340 4.820 68.328
522.350 5.340 88.810
522.380 5.410 56.647
522.390 5.440 83.257
522.410 4.460 59.058
522.420 5.290 85.870
523.600 5.750 47.661
525.280 5.940 73.464
525.410 5.840 76.776
525.470 5.650 66.645
525.500 5.680 73.387
525.520 5.540 77.168
525.530 5.910 83.842
525.540 6.000 63.413
525.550 5.840 84.956
525.560 5.650 59.542
525.590 5.950 69.983
525.610 5.710 78.745
525.630 5.500 73.283
525.640 5.930 45.542
525.720 5.350 79.092
525.730 5.660 52.062
525.760 5.400 43.192
525.770 5.630 77.726
525.810 5.990 17.098
525.830 5.720 30.763
525.840 5.920 49.335
525.850 5.080 32.351
525.860 5.460 71.756
525.920 5.910 88.615
526.670 5.660 65.039
526.740 5.980 89.556
526.790 5.950 73.383
526.860 5.700 25.611
526.870 5.800 53.916
526.900 5.870 58.464
526.920 5.680 89.251
526.990 5.790 73.984
527.000 5.890 88.958
527.030 5.980 76.242
527.070 4.590 54.378
527.080 4.780 81.090
527.090 5.020 49.490
527.110 5.080 38.508
527.120 4.750 79.425
527.140 5.180 33.985
527.160 5.940 71.142
527.190 5.500 12.967
527.240 5.880 84.513
527.270 5.190 29.633
527.320 5.590 85.226
527.350 4.030 82.336
527.390 5.690 88.788
527.440 5.530 57.233
527.490 5.670 81.142
527.500 5.850 84.816
527.530 5.700 61.432
527.540 5.650 61.280
527.550 5.420 76.401
527.560 5.060 71.010
527.620 5.320 76.449
527.740 5.480 44.482
527.750 5.770 34.630
527.770 5.280 37.189
527.800 4.740 70.001
527.820 5.850 88.815
527.990 5.090 83.687
528.020 5.410 70.290
528.030 4.230 71.659
528.040 4.470 66.592
528.260 5.830 82.137
537.190 5.760 78.359
537.330 5.930 35.292
537.620 5.900 85.316
539.230 4.320 86.508
539.250 4.830 68.430
539.310 5.740 42.191
539.320 5.030 87.486
539.330 5.770 70.416
539.370 5.510 64.424
539.380 5.490 56.204
539.390 5.650 75.284
539.400 5.930 66.693
539.420 5.240 57.075
539.460 5.070 88.342
539.500 5.300 87.880
539.510 5.590 78.291
539.600 5.900 82.003
539.610 5.380 84.596
539.650 4.510 30.379
539.660 4.300 69.649
539.670 4.140 81.496
539.680 4.970 69.288
539.690 3.950 80.860
539.700 4.950 78.223
539.720 4.320 79.196
539.730 5.440 73.435
539.750 4.950 69.120
539.770 4.300 51.195
539.780 5.000 78.951
539.790 4.070 85.881
539.820 4.700 76.162
539.830 5.080 64.131
539.840 4.230 79.548
539.880 4.320 78.370
539.890 3.830 81.562
539.900 4.790 87.897
539.920 4.630 76.068
539.930 3.980 77.000
539.980 4.490 87.485
540.050 5.160 80.271
540.070 5.090 69.194
540.090 5.270 83.238
540.100 5.780 70.616
540.120 5.410 81.752
540.130 4.810 84.158
540.140 4.250 69.733
540.160 4.670 84.888
540.220 4.540 61.724
540.250 5.880 83.470
540.290 4.980 59.438
540.300 4.650 80.118
540.360 5.730 80.656
540.370 5.210 88.268
540.380 3.760 81.773
540.390 4.880 80.545
540.400 4.290 57.176
540.410 4.070 88.663
540.430 4.040 76.128
540.440 4.010 56.832
540.450 4.300 49.059
540.510 5.790 48.679
540.530 5.800 62.279
540.550 4.550 75.833
540.650 5.570 58.997
540.720 4.990 76.268
540.810 5.820 84.708
540.870 5.780 66.192
540.880 4.970 82.439
540.890 5.850 72.298
540.900 5.220 75.844
540.920 4.460 69.301
540.930 5.240 44.928
540.960 5.520 69.133
540.970 5.730 89.875
540.980 5.770 72.934
540.990 4.790 87.838
541.040 5.600 89.868
541.070 5.930 81.976
541.130 5.310 53.458
541.160 5.200 65.557
541.170 5.440 70.291
541.190 4.950 71.045
541.200 5.620 48.122
541.210 4.340 42.847
541.270 5.850 88.335
541.280 5.140 75.528
541.290 5.280 70.496
541.300 4.960 86.607
541.320 5.700 64.336
541.330 5.770 70.078
541.340 5.530 70.666
541.410 5.660 78.649
541.420 5.320 47.817
541.430 5.370 86.723
541.450 5.490 74.684
541.470 5.740 75.666
541.750 5.600 86.915
541.990 4.590 85.334
542.190 5.890 84.883
542.500 5.440 79.052
542.530 5.910 47.180
542.550 5.900 21.686
542.580 5.300 19.169
542.590 5.400 48.445
542.600 5.340 36.036
542.610 5.620 29.238
542.620 5.620 31.264
542.660 5.820 25.471
542.670 5.870 29.799
542.690 5.430 20.501
542.700 5.400 34.164
542.710 5.500 44.110
542.760 5.950 30.697
542.770 5.850 31.375
542.780 5.520 57.761
542.790 5.780 48.196
542.800 5.470 40.295
542.810 5.300 44.886
542.830 5.530 38.953
542.840 5.930 29.649
542.860 5.970 38.270
542.880 5.950 81.686
542.890 5.780 13.654
542.910 5.350 32.941
542.920 5.460 35.182
542.930 5.690 41.561
542.940 5.970 52.797
542.950 5.520 52.599
542.960 5.930 23.524
542.970 5.770 43.026
542.980 5.760 53.821
543.000 5.720 46.685
543.070 5.870 41.786
543.080 5.860 59.604
543.090 5.980 41.785
543.110 5.550 34.664
543.120 5.430 32.971
543.130 5.540 43.872
543.140 5.690 51.651
543.150 4.820 65.447
543.160 4.380 85.334
543.170 4.810 88.151
543.180 4.550 78.031
543.190 4.650 86.249
543.200 5.380 73.474
543.220 4.860 29.250
543.230 5.890 70.583
543.250 5.970 62.390
543.390 5.670 61.681
555.420 5.930 22.862
555.480 5.890 63.732
555.560 5.940 70.803
563.090 5.520 70.173
563.110 5.040 79.893
563.120 5.440 88.986
563.200 4.820 74.078
563.210 4.710 86.450
563.230 5.330 86.462
563.240 4.510 76.849
563.260 4.820 80.433
563.280 4.190 85.219
563.310 3.880 51.231
563.320 3.790 55.327
563.330 4.310 64.860
563.340 3.650 88.282
563.350 4.630 71.898
563.360 3.710 87.556
563.380 3.710 86.477
563.390 4.090 75.973
563.400 4.960 86.600
563.410 4.810 81.368
563.420 5.170 80.584
563.430 5.590 86.376
563.460 5.560 86.580
563.480 4.570 74.310
563.550 5.770 58.958
563.590 4.260 78.706
563.600 4.330 78.040
563.620 4.440 83.785
563.630 4.230 30.937
563.640 4.380 85.310
563.650 4.570 83.957
563.660 4.440 66.353
563.670 4.230 60.465
563.680 4.960 63.636
563.690 3.990 49.416
563.710 4.840 85.163
563.730 5.630 77.512
563.780 4.550 69.722
563.790 3.920 51.406
563.800 4.400 31.706
563.810 4.410 75.079
563.830 4.270 76.237
563.840 3.900 43.431
563.850 3.590 76.800
563.860 5.440 12.134
563.870 4.080 49.085
563.880 3.950 28.100
563.890 4.230 37.713
563.900 3.950 59.343
563.920 4.750 66.197
563.930 3.960 47.093
563.940 5.560 34.950
563.950 5.190 68.823
563.960 5.600 74.209
564.090 5.440 75.374
564.160 5.610 75.678
564.170 3.850 62.685
564.180 4.500 62.432
564.210 3.750 50.561
564.220 4.380 37.362
564.230 4.640 43.212
564.240 4.570 88.864
564.250 4.070 85.822
564.270 4.680 62.474
564.290 5.300 68.304
564.300 5.230 81.747
564.320 4.750 86.864
564.330 4.550 76.058
564.340 4.250 87.978
564.350 4.880 84.728
564.370 5.160 56.237
564.380 3.830 82.523
564.400 4.330 66.012
564.430 5.010 88.832
564.450 4.900 71.050
564.460 4.460 82.716
564.470 5.060 85.160
564.480 4.440 75.578
564.490 4.010 62.844
564.500 4.260 67.582
564.510 4.350 79.512
564.530 4.510 77.262
564.540 3.940 43.650
564.560 4.420 56.563
564.600 3.500 81.169
564.620 3.730 72.759
564.630 3.860 57.705
564.640 4.400 72.880
564.650 5.300 69.006
565.550 5.480 89.874
565.630 5.670 83.995
565.690 5.910 75.964
565.740 5.310 58.698
565.860 5.780 65.716
566.060 5.830 68.937
566.420 5.050 79.763
566.430 5.660 59.994
566.450 5.530 70.273
566.480 5.360 61.819
566.490 4.790 51.069
566.500 5.020 79.049
566.510 4.890 80.463
566.520 4.800 80.585
566.530 5.580 75.638
595.360 5.890 89.739
595.700 5.970 72.331
595.820 5.790 70.743
595.950 5.840 81.055
595.960 5.740 69.341
598.630 5.940 22.896
598.650 4.890 53.926
598.660 5.260 58.737
598.680 5.960 25.152
598.870 4.860 86.648
598.880 5.970 87.373
598.890 5.660 86.281
601.700 4.710 87.619
601.780 5.260 78.999
601.790 5.610 78.721
601.810 5.780 74.955
601.870 5.980 82.633
601.910 5.380 86.639
602.300 5.840 83.599
602.440 3.520 79.011
602.450 4.180 68.203
602.470 4.570 81.372
602.480 4.780 84.465
602.500 3.390 73.929
602.510 5.470 73.074
644.490 5.060 76.553
644.510 5.210 89.989
644.640 5.530 85.252
661.580 5.660 78.258
661.640 5.470 67.711
661.730 5.580 89.401
662.330 4.740 84.754
662.500 4.860 72.031
662.510 4.440 64.517
662.530 5.760 88.502
662.680 5.490 62.833
662.690 5.670 66.350
662.700 5.720 60.637
662.790 5.980 43.418
662.810 5.840 20.332
662.830 5.800 17.776
662.850 5.890 23.708
662.950 5.550 38.080
662.970 5.640 24.859
672.280 5.340 75.620
672.520 5.660 88.907
672.550 5.110 83.929
674.280 5.760 86.342
675.610 5.170 88.888
675.620 5.120 86.195
675.670 5.070 85.407
676.330 5.330 80.816
676.710 5.940 80.418
677.040 5.770 87.341
677.220 5.520 64.884
677.240 4.830 87.501
677.260 5.360 66.600
677.390 5.960 86.760
677.750 4.990 75.117
678.960 5.980 88.647
679.010 5.840 68.382
679.090 5.820 75.018
679.160 5.990 75.043
681.760 5.370 82.098
681.800 5.720 81.744
681.830 5.300 84.059
681.900 5.360 77.896
681.910 5.830 71.307
681.940 5.260 85.424
