# time(ns) distance (A) angle (deg)
6.440 4.320 120.254
6.460 4.170 128.383
6.660 4.320 129.493
16.420 4.400 128.476
18.150 4.280 138.707
18.170 4.480 124.770
18.190 3.960 165.089
18.240 4.350 162.947
18.370 4.190 162.579
18.400 4.380 142.857
20.350 4.360 128.205
21.530 3.970 125.704
22.860 4.440 122.759
22.870 4.080 120.279
22.880 3.830 120.707
27.330 4.370 127.404
38.280 4.350 160.287
38.300 4.270 127.240
38.450 4.390 161.859
38.460 4.460 141.501
38.470 4.440 152.885
38.500 4.320 133.094
38.510 4.060 135.804
38.530 3.890 151.777
38.710 4.440 158.716
38.750 4.470 131.164
40.900 4.460 162.031
40.980 4.200 173.024
41.040 4.210 148.628
41.060 4.000 158.304
41.070 4.440 152.331
41.110 4.360 164.024
42.520 4.370 162.668
42.530 4.450 159.936
42.550 4.240 122.991
42.560 4.340 138.240
45.460 4.330 164.951
45.480 4.470 171.487
45.530 4.210 167.228
45.550 3.970 147.454
45.560 4.190 138.081
45.570 4.090 158.241
46.450 4.360 120.743
46.470 4.450 143.948
46.480 4.190 121.712
46.520 4.430 125.798
46.530 4.480 147.180
46.540 4.380 152.331
46.550 4.440 155.298
46.590 4.400 154.424
46.630 4.250 136.698
46.670 4.210 134.460
49.630 4.320 136.592
49.680 4.300 169.815
49.700 4.160 137.562
49.710 4.460 152.081
53.780 3.990 152.711
53.940 3.920 128.449
53.970 4.340 132.055
54.050 4.190 138.716
54.070 4.410 140.878
54.350 4.090 155.006
54.410 4.240 154.089
54.440 4.270 159.794
110.410 4.220 127.161
110.460 4.370 163.855
110.500 4.320 134.450
110.510 4.240 126.114
110.520 4.410 122.015
110.530 3.650 155.428
110.540 3.940 130.805
110.990 3.930 137.454
111.000 4.160 148.995
111.010 4.250 123.978
111.140 4.350 123.938
111.550 4.190 159.450
111.560 4.320 141.987
111.570 4.490 143.984
111.590 4.190 141.082
111.630 4.000 135.174
111.700 3.820 150.878
111.720 4.260 153.389
111.730 4.390 140.671
111.840 4.260 153.430
111.900 4.290 136.988
111.950 4.480 130.260
111.990 4.220 129.424
112.910 4.410 131.772
112.930 4.080 158.920
116.060 4.310 132.802
118.400 4.240 134.130
118.790 4.480 148.544
118.850 3.970 154.915
118.860 3.920 148.414
118.900 4.080 128.293
118.940 3.910 147.598
118.950 3.960 144.448
118.960 3.900 154.803
119.130 3.820 144.090
119.140 4.320 124.564
119.150 4.190 120.256
119.210 3.880 131.653
119.220 4.350 160.721
119.230 4.220 151.418
119.460 4.060 162.543
119.520 4.210 122.208
119.540 4.230 144.038
120.310 4.390 144.986
120.320 3.770 148.063
120.330 4.380 157.996
120.400 4.450 130.898
120.430 3.970 169.018
120.440 4.170 147.781
121.480 4.130 120.069
121.500 4.030 124.472
122.060 4.110 131.966
122.090 4.410 146.704
122.100 4.280 128.513
122.120 4.450 129.376
122.130 4.370 146.665
122.840 4.310 135.740
122.900 4.120 126.185
122.930 4.300 132.653
122.980 4.220 130.339
123.040 4.260 120.891
124.300 4.100 150.437
124.310 4.140 120.438
124.320 4.300 150.012
124.330 4.220 128.237
124.460 4.450 124.332
124.480 4.490 175.533
124.490 4.410 155.282
124.500 4.310 144.778
124.510 4.330 156.003
124.550 4.440 145.884
124.670 4.360 145.611
124.690 4.360 147.357
124.700 3.920 165.553
124.780 4.200 141.665
124.810 4.370 148.441
124.820 3.790 129.063
124.830 4.140 129.578
124.850 4.170 147.172
279.370 4.340 135.474
279.380 3.890 137.995
279.390 3.930 132.877
279.500 4.250 123.360
279.510 4.480 137.972
279.820 3.810 126.189
279.880 4.490 147.525
288.980 4.210 138.081
289.000 4.430 144.909
289.080 4.190 144.759
293.680 4.490 140.265
293.700 4.440 164.198
357.540 4.220 131.996
357.820 4.300 153.846
357.830 4.230 156.053
358.910 4.040 146.564
358.920 4.300 156.038
362.430 4.320 146.324
362.960 4.280 122.149
363.040 4.370 120.181
363.160 4.310 124.414
363.250 3.950 121.178
363.920 4.200 125.718
365.880 4.410 123.142
366.120 4.460 135.542
366.240 4.080 120.678
366.720 4.160 120.426
367.970 4.270 165.784
368.210 3.930 130.475
368.570 3.990 129.996
368.590 4.470 134.201
369.170 4.430 123.253
369.180 4.360 124.454
388.910 3.920 152.939
391.440 4.270 142.421
391.760 4.270 130.831
391.770 4.400 141.023
391.990 4.460 125.321
392.250 4.330 127.791
392.640 4.220 126.708
394.400 4.400 136.403
395.600 4.170 126.424
402.980 4.180 150.468
406.580 4.440 136.917
406.950 4.360 128.079
409.280 3.680 130.995
409.290 3.960 127.787
409.300 4.350 124.465
411.550 4.160 150.529
413.460 4.220 145.360
413.480 3.980 173.287
413.510 3.990 157.805
413.520 4.310 152.257
413.540 3.970 125.840
413.550 3.780 145.175
413.560 3.880 156.223
416.350 4.230 123.123
416.450 4.420 166.819
416.650 4.450 147.984
416.690 4.130 157.971
416.790 4.110 138.339
416.800 4.110 124.806
416.860 4.390 126.297
416.960 4.200 173.848
416.980 3.870 138.357
417.260 3.920 143.468
432.110 3.640 122.815
434.480 4.470 161.728
434.670 4.250 136.158
434.760 4.340 151.358
434.770 4.070 167.633
436.130 3.980 139.977
436.180 4.470 154.465
436.390 4.430 130.890
443.930 3.840 123.424
444.920 4.470 148.719
445.200 4.090 128.365
445.960 4.390 142.529
445.980 3.920 128.493
446.000 4.300 135.625
446.060 3.930 136.080
446.210 3.980 144.459
446.220 4.310 132.779
448.090 4.320 124.793
448.740 4.490 123.568
450.740 4.340 131.505
450.980 4.370 138.504
450.990 4.270 127.315
451.010 4.450 141.190
451.040 4.200 134.746
451.080 3.800 137.904
451.090 3.810 125.514
451.110 4.290 128.906
451.120 3.520 147.923
451.130 3.630 137.179
451.150 4.330 140.365
451.160 3.960 168.099
451.170 4.170 136.578
451.180 4.030 132.372
454.520 4.340 138.935
454.560 4.440 146.825
460.130 4.330 156.532
460.190 4.400 127.000
460.200 4.280 168.256
460.210 4.410 130.056
460.230 4.360 122.931
461.300 4.180 127.021
461.370 4.270 172.392
461.680 4.170 122.832
461.840 4.250 138.744
461.870 4.370 139.507
462.560 4.450 144.210
462.590 4.240 150.389
462.600 3.910 125.210
462.610 4.440 150.660
462.640 4.430 129.811
462.680 4.440 156.156
471.540 4.350 147.472
473.220 4.250 157.203
478.520 4.240 122.247
478.570 4.420 143.975
478.590 3.820 166.911
478.750 4.150 150.343
478.760 4.370 141.795
478.810 3.870 129.341
478.820 4.470 122.861
478.850 4.020 123.136
478.880 3.930 123.975
479.000 4.450 137.603
479.960 4.270 123.269
480.580 4.430 135.019
480.620 3.880 151.513
480.640 4.060 135.398
480.660 4.380 134.066
480.670 4.200 130.435
480.740 4.390 157.278
480.750 3.740 134.074
480.760 4.490 151.641
480.770 4.480 153.536
480.820 4.440 128.772
480.890 4.280 149.513
480.920 4.260 137.002
480.960 4.430 152.857
480.970 4.170 126.033
481.180 4.450 169.210
481.340 4.260 132.194
481.390 4.250 129.081
481.420 4.290 120.262
481.440 4.130 141.126
481.460 4.400 162.942
481.550 4.300 131.693
482.940 3.770 156.150
482.980 3.920 140.829
483.020 4.060 153.660
483.030 4.100 136.322
483.320 4.400 148.135
483.340 4.360 137.387
483.370 4.420 159.364
483.420 4.000 122.565
483.460 4.270 165.998
483.500 4.370 149.493
483.510 4.180 160.566
483.540 4.420 157.602
483.600 3.660 157.302
483.610 3.950 168.688
483.620 4.270 165.933
483.630 4.100 174.204
483.650 3.980 163.746
483.670 4.410 140.991
483.680 4.280 164.338
483.690 4.060 150.299
483.700 4.040 126.497
483.710 4.190 136.367
483.740 4.100 160.963
483.750 4.180 164.857
483.760 4.240 162.233
483.770 4.360 159.678
483.790 3.810 171.088
483.800 3.630 146.213
483.820 3.810 160.970
483.830 4.430 157.547
483.840 3.700 147.970
483.850 4.200 161.000
483.860 4.340 155.839
483.890 4.150 172.099
483.900 4.370 169.294
483.910 4.320 163.600
483.920 4.240 160.365
483.940 4.450 162.502
483.950 4.330 153.977
483.960 4.110 147.417
483.980 4.480 166.922
483.990 4.480 159.574
484.000 4.430 160.826
484.030 4.040 157.971
484.100 4.490 152.441
484.110 3.820 158.412
484.120 3.900 133.505
484.130 4.220 155.948
484.150 4.490 129.632
484.170 4.050 140.350
484.180 4.180 127.296
484.210 4.310 147.101
484.250 4.150 136.667
484.260 4.230 120.677
484.270 4.490 149.200
485.070 4.400 165.999
485.080 4.310 129.607
485.470 3.890 153.353
485.480 4.180 172.286
486.430 4.210 137.233
486.540 4.030 125.269
486.550 4.000 122.050
486.590 4.380 148.031
486.610 3.790 123.814
488.000 4.220 135.309
488.240 4.420 135.999
488.340 4.460 144.703
488.370 4.150 161.367
488.480 4.370 157.519
488.510 4.470 148.535
488.530 4.050 138.116
490.040 4.010 141.619
490.050 4.070 156.183
490.070 4.420 171.337
490.080 4.110 156.363
490.090 4.160 134.624
490.120 4.310 153.225
490.140 4.490 140.282
490.150 4.100 149.440
490.170 4.270 138.978
490.190 4.390 160.572
490.200 4.230 136.576
490.230 4.040 147.306
490.250 3.920 137.167
490.270 4.100 145.881
490.290 4.170 157.023
490.320 4.490 160.197
490.340 4.150 142.634
491.130 4.150 146.491
491.180 4.480 148.768
492.020 3.920 154.157
492.030 4.360 162.205
492.040 4.490 173.761
492.060 4.090 138.135
492.070 4.340 142.723
492.820 4.450 123.626
493.880 4.350 122.263
497.980 4.250 165.757
497.990 4.410 135.443
498.160 4.300 135.320
503.070 4.230 140.382
503.530 3.800 154.970
503.550 4.480 152.780
503.580 3.900 155.012
503.590 4.050 152.449
503.600 3.810 133.169
503.630 3.770 121.703
510.210 4.210 142.235
510.870 4.210 135.280
511.420 3.950 139.689
511.430 4.280 135.556
511.450 3.980 150.354
511.470 4.240 164.909
511.480 4.330 148.345
511.600 3.810 153.463
511.620 3.980 136.656
511.630 3.860 143.500
511.650 4.150 148.952
511.700 4.450 146.041
511.850 4.200 132.130
511.880 4.410 128.220
511.890 4.430 137.276
511.900 3.860 133.573
514.420 4.370 140.505
515.850 4.400 165.801
515.860 4.370 122.745
516.170 4.240 123.360
516.240 4.490 121.985
516.480 4.470 120.270
517.470 4.440 149.036
518.030 4.330 121.033
520.500 3.980 145.455
520.510 4.230 144.205
520.560 3.610 131.785
522.100 4.320 162.877
522.110 4.430 153.856
539.210 4.070 127.728
539.230 4.030 146.759
539.250 4.360 169.989
542.700 4.320 122.546
542.810 4.290 142.116
543.110 4.400 142.141
543.150 4.180 166.896
543.160 4.260 159.603
563.900 4.330 146.294
563.910 4.120 137.624
564.800 4.140 132.494
566.420 4.330 165.578
566.490 4.130 158.769
566.500 4.370 164.753
566.510 4.430 141.564
566.520 4.180 145.393
586.440 4.490 124.025
598.870 4.040 136.919
601.610 4.460 120.340
601.680 4.440 131.387
601.700 4.000 163.819
601.910 4.420 164.874
602.410 4.150 130.380
662.970 4.200 127.594
672.550 4.130 139.551
675.620 4.460 152.735
675.670 4.180 145.243
677.230 3.980 137.263
677.240 4.050 140.872
677.250 3.790 139.005
677.260 4.470 128.102
681.750 3.800 139.170
681.760 4.420 162.096
681.900 4.360 120.151
681.920 4.120 146.008
681.940 4.280 140.673
