# time(ns) distance (A) angle (deg)
0.060 4.410 135.412
0.100 4.360 130.525
25.970 4.440 137.775
25.990 4.190 160.812
26.050 4.250 122.591
26.100 3.920 132.269
26.110 4.340 134.063
26.120 4.470 134.421
26.130 4.030 154.548
26.160 3.410 130.535
26.170 3.850 127.453
26.200 4.280 121.959
26.220 4.440 129.886
26.270 4.400 130.382
26.280 3.880 134.556
26.330 3.800 162.621
26.340 3.920 131.466
26.350 4.050 136.140
26.370 3.730 139.193
26.400 3.410 128.827
26.410 3.650 131.230
26.420 3.700 145.831
26.430 3.550 127.563
26.440 4.250 120.610
26.450 4.390 121.162
26.460 3.690 120.818
26.500 4.480 124.902
26.510 4.310 131.119
26.520 3.880 127.968
26.530 4.120 125.347
26.550 3.480 135.642
26.560 3.960 130.989
26.570 3.910 135.252
26.620 3.520 122.864
26.660 4.350 125.676
26.690 4.410 126.785
26.740 4.340 121.754
26.750 4.060 137.615
26.770 4.110 125.679
26.790 4.310 130.472
26.800 3.960 133.783
27.070 3.560 133.812
27.080 4.080 133.304
27.120 4.020 122.290
27.190 4.310 123.462
27.220 4.110 127.802
27.240 3.890 121.254
27.250 3.590 132.101
27.260 3.900 125.431
27.270 3.750 127.613
27.280 3.540 144.594
27.290 4.290 121.935
27.320 3.910 125.388
27.340 3.950 132.131
27.350 4.250 149.443
27.360 3.670 138.999
27.370 4.210 135.566
27.400 3.910 126.408
27.430 3.910 131.067
27.440 4.140 133.874
27.450 3.890 149.843
27.460 3.570 142.686
27.840 4.250 139.467
27.860 3.970 130.131
27.880 3.810 140.313
27.900 4.080 142.600
27.910 3.840 121.345
27.930 3.830 149.963
27.970 4.270 121.957
27.980 4.200 129.660
27.990 3.850 153.172
28.000 4.080 124.234
28.020 3.860 129.265
28.060 4.060 135.997
28.100 3.640 135.660
28.110 4.040 127.937
28.150 3.710 147.986
28.170 3.620 126.102
28.180 3.530 140.494
28.210 3.530 134.076
28.250 3.940 126.761
28.260 3.720 136.720
28.270 3.760 144.028
28.280 3.940 135.216
28.290 3.900 123.378
28.300 4.210 137.532
28.310 3.820 127.472
28.320 3.560 125.027
28.340 4.160 125.383
28.350 4.470 128.245
28.380 4.300 126.740
28.480 3.960 137.947
28.490 3.790 127.568
28.500 3.340 128.314
28.520 4.460 131.618
28.580 3.880 145.056
28.590 4.030 132.570
28.610 4.290 122.693
28.620 4.340 120.770
28.630 3.900 135.643
28.640 3.360 124.354
28.660 4.420 127.669
28.680 4.490 125.774
28.720 4.050 150.255
28.730 4.330 128.524
28.780 4.150 134.159
28.790 3.550 135.843
28.820 3.750 134.934
28.830 4.160 125.604
28.860 4.410 128.704
28.970 4.050 126.483
28.980 3.810 128.328
28.990 4.080 135.363
29.020 3.970 140.611
29.030 4.310 133.180
29.040 3.580 137.607
29.050 3.470 137.706
29.060 4.450 125.199
29.070 4.000 145.455
29.090 3.900 121.377
29.120 4.380 125.537
29.130 4.230 124.573
29.170 4.490 133.011
29.190 3.940 126.395
29.200 4.280 126.789
29.230 4.100 130.729
29.250 3.840 135.919
29.280 4.310 121.537
29.290 3.480 122.781
29.310 3.940 147.852
29.360 3.790 133.138
29.370 3.650 127.629
29.390 4.090 139.806
29.480 3.950 136.076
29.500 4.040 127.301
29.510 3.960 127.118
29.520 4.450 150.615
29.580 4.120 132.656
29.590 3.760 142.098
29.620 4.180 124.794
29.630 4.100 129.727
29.640 4.450 135.309
29.710 3.810 132.752
29.720 4.230 134.704
29.740 4.430 123.370
29.790 4.100 125.554
29.800 4.100 139.579
29.830 3.960 132.858
29.850 3.950 125.498
29.860 3.930 131.844
29.870 3.700 155.799
29.880 3.730 123.012
29.910 3.920 129.812
29.930 3.500 144.040
29.950 4.070 139.991
29.960 3.500 135.384
29.990 3.780 123.260
30.010 3.950 129.200
30.020 4.220 123.563
30.040 4.470 127.452
30.050 3.950 138.423
30.070 4.090 125.131
30.110 4.480 134.668
30.120 4.440 128.491
30.130 3.900 127.939
30.160 4.200 126.660
30.180 4.330 124.141
30.200 4.200 130.882
30.220 4.060 121.430
30.240 4.050 120.020
30.690 3.920 124.486
30.800 3.950 130.431
30.920 4.320 122.662
30.930 4.220 126.658
30.950 4.350 125.671
30.970 4.480 127.469
30.980 4.130 122.795
31.010 4.120 132.302
31.020 3.740 139.058
31.030 3.910 145.298
31.040 4.400 130.536
31.060 3.940 139.652
31.090 4.010 128.395
31.120 3.720 131.148
31.130 4.120 128.465
31.140 4.140 131.397
31.150 4.020 147.442
31.160 3.970 140.188
31.250 4.460 122.031
31.790 3.930 140.026
31.820 4.420 120.395
31.850 4.160 137.989
31.880 4.180 137.424
31.920 4.020 130.023
31.940 4.120 123.669
31.950 4.190 121.022
31.970 4.250 134.226
32.000 4.080 129.718
32.030 4.200 131.627
32.470 4.330 121.383
32.590 3.770 139.384
32.600 4.140 122.632
32.720 4.090 125.632
32.740 4.090 132.986
32.850 3.990 137.066
32.860 3.850 127.650
32.870 4.060 144.533
32.880 4.340 135.686
32.920 3.510 131.282
32.930 3.660 127.562
32.940 3.530 139.624
32.950 4.180 128.873
32.990 4.350 131.343
33.010 4.460 125.428
33.020 4.320 129.274
33.030 4.250 121.887
33.140 4.350 134.861
33.260 4.210 120.116
33.270 4.020 138.591
33.290 3.960 129.013
33.300 4.280 141.811
33.310 4.250 124.061
33.330 4.050 126.039
33.350 4.230 120.102
33.390 3.920 143.253
33.400 4.480 121.970
33.410 4.390 135.792
33.430 3.810 135.229
33.450 4.220 123.112
33.470 4.140 139.375
33.480 3.910 125.676
33.490 3.910 141.408
33.500 4.360 121.871
33.660 4.400 121.282
33.700 4.340 135.981
33.760 4.290 140.127
33.770 3.830 136.094
33.780 3.520 125.734
33.800 4.000 122.844
33.810 4.160 128.923
33.840 4.340 134.328
33.850 3.610 121.654
33.870 3.780 133.028
33.880 3.740 136.053
33.890 3.440 132.172
33.910 3.660 131.532
33.920 3.670 135.721
33.930 4.420 124.383
37.320 4.350 125.363
37.350 3.940 135.437
37.360 3.800 137.767
37.460 4.280 122.745
37.470 4.070 146.561
37.480 4.280 140.168
37.490 4.360 145.430
37.500 3.990 142.883
37.510 4.270 129.858
37.550 4.270 123.008
37.570 3.720 138.900
37.590 3.590 139.836
37.630 3.810 127.529
37.780 4.170 130.851
37.790 3.560 146.150
37.810 4.230 120.130
37.840 4.290 136.687
37.890 3.950 127.287
37.950 4.130 136.099
38.100 4.280 131.383
38.110 3.580 148.784
38.120 4.220 135.399
38.130 4.100 146.092
38.200 3.890 136.612
38.210 4.190 135.690
38.230 4.320 121.248
38.300 4.140 122.366
38.310 3.730 125.154
38.330 3.520 125.235
38.340 3.640 131.423
38.380 3.750 131.106
38.410 4.360 132.320
38.440 4.110 126.694
38.450 3.730 125.908
38.460 4.010 134.999
38.470 4.000 141.449
38.490 4.180 132.915
38.500 4.220 132.326
38.540 3.840 137.788
38.550 3.610 146.993
38.630 4.290 132.096
38.640 4.100 135.287
38.650 4.310 131.261
38.680 3.900 128.259
38.690 4.390 124.860
38.700 4.140 120.457
38.710 3.850 141.834
38.720 3.900 121.931
38.740 3.510 145.591
38.750 3.860 122.864
38.770 3.780 132.949
38.800 4.170 122.358
38.830 3.590 128.356
38.840 3.820 136.478
38.850 4.460 128.145
38.880 4.380 123.648
38.910 4.180 129.178
38.930 4.450 124.471
38.950 4.280 129.406
38.990 3.660 125.894
39.060 4.180 142.186
39.080 3.830 130.274
39.090 4.220 133.979
39.100 3.750 134.061
39.110 4.200 123.463
39.120 4.140 153.580
39.150 4.320 128.970
39.160 4.400 130.263
39.210 4.320 120.669
39.220 4.380 130.004
39.270 4.180 132.696
39.280 3.440 128.452
39.300 4.280 121.739
39.310 4.210 134.556
39.350 4.000 142.330
39.360 3.750 121.245
39.510 4.240 142.216
39.520 4.140 128.186
39.550 4.020 132.362
39.580 3.990 120.655
39.600 4.210 126.660
39.610 3.800 147.528
39.620 4.010 131.233
39.630 3.930 124.046
39.650 4.100 151.165
39.660 4.020 138.050
39.680 3.880 123.859
39.690 3.570 143.254
39.700 4.020 125.239
39.710 3.920 142.575
39.730 4.330 129.949
39.740 4.010 124.536
39.760 3.620 131.196
39.800 3.960 125.812
39.810 4.210 130.651
39.820 3.690 139.903
39.840 3.810 156.921
39.860 3.550 129.443
39.870 3.830 139.813
39.910 4.040 130.889
39.920 3.900 128.032
39.940 4.330 127.890
39.950 3.920 137.160
39.960 3.780 138.240
39.970 4.030 132.404
39.980 4.490 122.723
40.030 3.810 127.952
40.040 4.350 125.429
40.050 4.400 124.441
40.080 3.850 132.602
40.140 4.400 122.324
40.170 3.720 124.137
40.180 4.170 132.394
40.190 3.990 124.154
40.210 4.110 120.356
40.220 3.310 149.225
40.230 4.180 121.699
40.240 4.280 142.140
40.270 3.720 142.574
40.280 4.200 120.766
40.380 3.510 136.491
40.430 4.430 120.370
40.440 4.160 137.788
40.450 3.850 131.017
40.480 3.980 122.896
40.500 4.110 139.097
40.520 3.860 122.610
40.530 3.990 122.956
40.540 3.700 133.210
40.550 3.490 122.596
40.570 3.660 137.418
40.580 3.710 124.403
40.590 3.700 142.159
40.600 3.580 135.852
40.610 4.230 124.923
40.620 3.790 145.611
40.630 3.770 131.301
40.650 3.630 140.376
40.660 3.630 128.467
40.670 3.720 122.234
40.680 4.030 125.535
40.710 4.260 127.586
40.730 4.210 132.200
40.770 4.450 130.723
40.780 4.170 149.689
40.810 4.240 122.632
40.830 4.310 125.762
40.840 3.680 132.520
40.890 3.520 129.965
40.920 4.230 133.534
40.930 4.030 133.490
40.940 4.270 122.925
40.950 4.140 134.513
40.980 4.220 120.776
40.990 4.220 141.150
41.000 4.190 131.241
41.010 3.860 120.971
41.020 4.170 134.061
41.030 4.280 121.961
41.050 3.980 127.329
41.080 3.960 123.085
41.090 3.840 126.463
41.100 3.920 121.672
41.120 4.350 120.830
41.130 3.830 141.375
41.140 4.260 132.179
41.160 3.990 135.352
41.170 3.390 142.249
41.200 3.730 147.382
41.210 3.950 121.097
41.240 4.230 140.621
41.250 4.210 140.598
41.300 4.030 149.610
41.320 4.430 135.424
41.340 3.820 127.044
41.380 3.740 149.974
41.410 4.210 126.594
41.430 4.440 128.438
41.440 4.230 124.131
41.470 4.010 133.475
41.520 3.550 151.813
41.530 3.890 138.607
41.540 3.920 137.733
41.570 4.050 135.694
41.600 3.450 132.816
41.620 4.470 135.078
41.630 4.330 121.594
42.070 3.670 134.233
42.100 4.110 121.084
42.120 4.310 130.610
42.150 3.570 126.386
42.180 3.500 133.939
42.200 4.040 139.770
42.210 4.400 138.614
42.270 4.340 120.173
42.280 3.790 140.380
42.310 4.370 133.059
42.340 4.430 125.309
42.350 4.470 123.407
42.360 4.460 121.789
42.370 3.810 124.286
42.390 4.180 128.280
42.430 4.130 138.858
42.450 3.940 127.699
42.460 3.960 127.686
42.470 4.020 122.804
42.480 4.400 122.897
42.500 3.880 126.982
42.520 3.810 129.537
42.540 4.420 125.093
42.580 4.340 132.382
42.590 4.470 129.338
42.620 4.480 131.506
42.830 4.220 124.515
42.870 3.990 135.672
42.900 4.030 123.728
42.910 3.530 123.560
42.940 3.840 132.861
42.950 4.150 128.082
42.960 4.230 120.195
42.970 3.640 139.195
42.980 4.060 146.222
42.990 4.410 135.431
43.000 4.370 134.073
43.010 4.070 130.439
43.020 3.850 152.434
43.050 4.200 134.788
43.060 3.740 140.725
43.070 3.740 134.041
43.080 3.840 131.625
43.090 4.140 121.960
43.120 3.730 147.924
43.130 4.090 134.774
43.140 3.940 132.356
43.170 4.180 136.868
43.210 4.080 136.201
43.230 3.950 128.272
43.240 3.840 122.333
43.280 3.650 134.367
43.290 3.960 126.206
43.320 4.020 135.423
43.670 4.090 134.641
43.680 4.280 129.800
43.690 4.340 128.994
43.700 4.000 128.903
43.710 4.280 128.359
43.730 4.120 125.990
43.790 3.570 121.191
43.800 4.110 134.829
43.820 3.560 136.283
43.840 3.750 151.335
43.850 4.030 130.280
43.900 4.000 132.116
43.920 4.330 148.706
43.930 4.380 128.677
43.950 4.160 124.836
43.960 4.350 124.305
43.990 3.990 137.440
44.000 4.140 131.214
44.020 3.680 129.310
44.060 4.420 132.023
44.100 4.300 128.999
44.170 4.390 124.348
44.180 4.330 121.559
44.220 4.070 129.617
44.260 3.850 140.425
44.270 3.980 126.367
44.280 3.860 124.104
44.290 3.740 124.524
44.300 3.620 129.147
44.320 3.740 131.939
44.340 4.210 122.620
44.360 4.410 121.006
44.390 4.240 127.403
44.400 4.290 131.289
44.430 4.390 123.773
44.450 4.040 146.851
44.490 3.990 141.445
44.530 4.390 126.097
44.550 4.200 136.928
44.920 3.700 122.722
44.930 4.470 138.263
45.120 4.230 136.745
45.140 4.280 137.019
45.150 3.900 120.024
45.160 4.480 121.045
45.180 4.290 147.362
45.190 3.830 141.814
45.200 4.070 128.632
45.230 4.080 134.807
45.260 4.020 140.182
45.270 4.000 126.368
45.280 4.420 144.868
45.300 3.680 134.715
45.330 4.030 127.270
45.340 4.040 129.021
45.360 4.260 124.159
45.450 4.450 128.324
45.510 4.360 125.968
45.520 3.920 124.042
45.550 4.070 130.822
45.560 4.230 132.444
45.620 3.870 138.649
45.630 4.160 135.477
45.640 3.660 123.947
45.650 3.720 147.251
45.670 3.740 144.402
45.680 3.970 128.670
45.700 4.220 122.571
45.730 4.080 129.850
45.740 3.880 143.805
45.750 3.950 120.901
45.760 4.420 123.103
45.790 3.810 131.119
45.800 3.910 137.247
45.810 3.850 132.221
45.820 3.820 139.485
45.830 4.070 160.807
45.840 4.300 135.525
45.850 4.490 135.413
45.860 4.320 135.165
45.870 4.340 128.127
45.880 4.260 153.614
45.890 4.230 133.826
45.910 4.270 128.652
46.050 3.730 129.174
46.060 3.620 127.494
46.070 3.940 136.168
46.110 4.250 124.067
46.140 4.230 120.463
46.150 4.410 137.470
46.190 3.720 132.273
46.200 4.020 141.626
46.210 3.740 135.606
46.240 4.230 133.193
46.320 4.050 133.103
46.350 3.550 131.559
46.370 3.740 120.701
46.380 4.420 120.012
46.390 3.630 136.698
46.500 4.310 121.496
46.510 4.230 123.047
46.520 3.930 138.007
46.540 3.890 136.984
46.550 3.850 146.381
46.570 3.990 123.820
46.660 4.340 126.084
46.690 4.180 131.696
46.700 3.790 136.574
46.730 3.770 132.268
46.740 3.810 135.936
46.750 3.650 131.458
46.770 4.200 125.178
46.790 4.000 152.673
46.800 3.880 132.409
46.810 3.890 135.452
46.820 3.770 140.183
46.830 4.090 125.483
46.840 4.260 139.655
46.850 4.360 122.035
46.860 4.220 130.850
46.870 3.890 141.903
46.890 3.690 137.165
46.900 4.190 127.324
46.910 4.460 120.772
46.990 4.330 133.141
47.000 3.650 120.585
47.020 4.250 125.167
47.050 4.490 126.309
47.070 3.680 129.736
47.090 4.410 131.085
47.100 3.820 134.512
47.110 4.190 120.664
47.120 3.810 130.513
47.260 3.910 140.633
47.280 4.100 143.433
47.300 4.300 126.323
47.340 4.160 126.061
47.350 4.050 121.633
47.360 4.350 126.741
47.370 3.600 144.543
47.380 4.120 124.141
47.390 4.030 147.920
47.400 3.670 120.452
47.420 3.680 124.384
47.450 4.000 146.358
47.460 3.950 121.814
47.480 3.350 137.293
47.490 3.340 138.708
47.500 4.100 120.427
47.520 3.750 132.574
47.540 3.780 147.939
47.550 4.170 131.546
47.570 4.280 134.026
47.610 4.050 130.564
47.660 3.840 145.233
47.670 4.390 136.219
47.690 3.890 148.217
47.700 3.550 149.124
47.720 4.430 126.801
47.740 4.200 123.825
47.750 4.200 152.057
47.770 4.490 130.225
47.790 3.630 141.777
47.800 4.350 138.124
47.810 3.790 122.410
47.820 3.470 130.062
47.840 4.200 143.122
47.850 3.890 133.146
47.860 3.910 135.756
47.870 3.870 122.842
47.880 4.040 139.479
47.900 4.040 145.718
47.910 3.480 136.525
47.920 3.630 126.343
47.950 4.230 132.631
48.000 3.820 135.731
48.010 4.190 125.588
48.290 4.130 128.165
48.330 3.350 122.553
48.350 3.370 139.823
48.420 4.120 133.295
48.450 3.820 122.232
48.460 3.710 138.131
48.490 3.440 130.629
48.550 3.700 123.855
48.580 3.610 129.979
48.610 3.720 127.518
48.640 3.870 135.953
48.760 3.780 122.269
48.770 3.400 125.971
48.780 3.580 143.769
48.790 4.050 136.783
48.800 4.080 152.587
48.820 3.730 136.336
48.830 3.630 126.804
48.900 3.510 143.982
49.210 4.370 120.085
49.220 4.230 138.957
49.230 4.110 128.156
49.270 4.260 143.814
49.290 4.450 150.374
49.300 4.310 131.524
49.350 4.110 148.826
49.380 3.890 136.213
49.430 4.090 132.034
49.440 3.950 135.665
49.450 3.870 136.591
49.460 4.140 131.000
49.470 3.680 141.899
49.480 4.460 124.961
49.490 4.450 132.672
49.520 4.350 125.406
49.530 4.030 120.518
49.540 4.420 141.611
49.580 4.090 124.091
49.590 4.340 131.642
49.610 3.930 127.102
49.620 4.180 124.122
49.630 3.940 122.048
49.640 3.880 127.226
49.650 3.760 133.526
49.660 4.050 124.065
49.690 4.460 125.469
49.710 4.260 126.383
49.720 4.390 127.992
49.740 3.960 129.513
49.790 3.690 137.462
49.800 4.010 128.890
49.820 3.890 125.470
49.830 4.350 127.840
49.850 3.900 125.131
49.870 3.530 141.917
49.880 4.430 135.011
49.900 4.350 128.590
51.670 4.240 120.400
51.750 4.040 120.807
51.770 3.760 120.065
51.790 3.940 134.477
51.800 4.080 126.844
51.820 4.180 140.535
51.830 3.880 143.139
51.840 3.970 120.860
51.870 4.100 124.033
51.880 3.910 123.876
51.910 4.370 141.660
51.950 3.790 121.342
52.000 3.810 134.658
52.090 3.820 152.659
52.130 3.920 125.642
52.140 4.440 124.932
52.170 3.670 138.204
52.190 4.330 126.014
52.200 4.260 129.426
52.230 3.630 123.509
52.260 4.470 128.158
52.570 4.460 122.849
52.600 4.040 131.254
52.610 4.260 130.258
52.680 4.440 121.479
52.690 4.480 124.379
52.720 4.340 131.016
52.780 3.800 125.401
53.090 3.960 130.105
53.150 4.240 128.041
53.160 3.620 138.593
53.180 4.150 124.958
53.200 3.730 139.426
53.270 4.120 124.037
53.310 3.730 133.096
53.320 3.660 132.961
53.330 4.360 125.190
53.360 4.220 127.385
53.370 4.280 126.918
53.380 3.990 142.481
53.390 3.930 142.944
53.400 4.090 134.127
53.450 3.690 134.033
53.490 3.750 139.740
53.500 3.890 128.480
53.570 4.270 136.420
53.580 3.790 150.618
53.590 4.110 126.753
53.600 4.220 131.794
53.630 3.740 144.223
53.670 3.700 131.624
53.680 4.050 136.620
53.700 3.850 143.353
53.710 4.450 134.678
53.720 4.440 124.138
53.730 3.900 126.178
53.750 3.990 133.462
53.760 4.110 135.711
53.770 3.720 138.715
53.780 3.910 123.473
53.790 3.740 137.835
53.800 3.870 142.465
53.810 3.800 132.968
53.830 4.380 140.375
53.840 3.760 135.829
53.850 3.900 131.101
53.880 3.920 132.830
53.890 4.000 134.317
53.900 3.650 138.703
53.930 4.260 141.493
53.940 4.260 124.112
53.960 4.210 121.213
54.210 4.230 131.019
119.700 3.990 130.947
119.710 4.010 128.688
119.750 4.140 127.544
119.780 4.320 127.615
119.790 4.350 122.890
119.800 4.370 125.966
119.810 4.440 136.810
119.830 4.480 134.312
119.840 4.430 133.793
119.860 4.340 129.883
119.880 4.330 133.150
119.890 4.240 123.961
119.900 4.410 124.202
119.940 4.180 135.395
119.970 4.260 131.537
120.000 4.280 126.993
120.030 4.220 129.299
120.040 4.220 133.702
120.060 4.240 138.173
120.070 4.070 128.694
120.080 3.560 128.509
120.090 4.290 122.784
120.110 3.890 126.404
120.210 4.060 127.092
120.240 4.460 132.360
120.250 4.140 123.718
120.260 4.020 125.066
120.310 4.070 128.299
120.320 3.820 133.403
120.330 4.250 151.642
120.380 4.450 125.129
120.400 4.270 141.775
120.410 4.350 139.915
120.430 3.660 139.079
120.440 4.240 122.278
120.510 4.140 137.631
120.520 4.150 135.683
120.930 4.370 134.096
120.960 3.730 127.054
120.980 3.890 130.884
120.990 3.670 134.063
121.000 3.930 132.606
121.010 4.050 124.430
121.020 4.120 120.842
121.030 4.140 122.898
121.080 4.210 120.446
121.140 4.050 120.807
121.210 4.010 143.740
121.220 3.820 137.644
121.280 3.960 129.889
121.310 3.630 120.569
121.340 4.450 121.941
121.360 4.060 126.840
121.390 3.880 140.270
121.400 4.070 131.751
121.420 3.950 128.621
121.440 3.560 126.829
121.460 3.630 138.108
121.470 3.980 128.674
121.490 3.990 129.273
121.500 3.940 128.779
121.510 3.890 142.834
121.520 3.700 140.105
121.540 3.930 134.929
121.580 4.020 123.821
121.610 3.610 144.973
121.730 4.460 124.534
121.740 4.370 121.420
121.770 4.230 131.057
121.780 3.800 121.823
121.790 4.410 132.764
121.860 3.600 141.081
121.890 3.970 122.613
121.900 4.180 134.084
121.910 3.640 135.155
121.920 3.730 140.007
121.930 3.830 129.547
121.940 3.860 122.007
121.950 4.210 120.253
121.960 4.310 131.407
121.970 3.530 143.110
122.010 4.060 131.448
122.020 4.250 127.051
122.030 3.960 122.545
122.040 3.650 145.440
122.050 4.290 120.138
122.090 4.010 146.538
122.100 4.230 129.218
122.110 3.640 121.053
122.160 3.960 135.351
122.170 4.090 142.260
122.180 4.340 122.475
122.190 3.680 134.115
122.200 4.340 130.662
122.210 4.130 133.357
122.230 3.340 140.287
122.240 4.040 128.831
122.250 4.380 131.298
122.260 4.450 121.909
122.430 4.200 125.618
122.440 3.760 137.069
122.450 3.550 132.981
122.500 4.050 153.130
122.650 3.710 126.469
122.660 4.450 121.970
122.670 3.830 140.968
122.780 4.350 121.019
122.790 4.050 125.286
122.850 3.450 142.382
122.860 3.910 121.510
122.870 3.650 120.366
122.900 4.140 122.096
122.910 3.970 121.044
122.950 3.700 124.568
123.000 4.020 123.206
123.020 4.040 130.740
123.050 3.690 131.506
123.150 4.240 126.079
123.170 3.700 133.063
123.200 4.260 132.161
123.210 4.290 120.737
123.220 3.800 129.443
123.240 4.240 128.871
123.270 4.220 130.515
123.280 3.780 137.300
123.290 4.470 124.171
123.340 4.180 121.900
123.350 4.120 121.854
123.360 4.200 128.486
123.370 4.210 135.089
123.380 4.370 127.255
123.420 4.090 126.389
123.600 4.240 132.945
123.610 4.220 135.465
123.620 3.970 130.885
123.850 3.800 136.931
123.940 3.780 129.786
124.000 4.400 144.064
124.010 3.920 140.287
124.080 3.940 121.014
124.090 4.200 126.320
124.110 4.300 123.943
124.120 4.030 120.851
124.130 3.790 130.547
124.140 4.060 127.253
124.150 3.780 128.797
124.170 3.400 134.057
124.190 3.740 133.771
124.200 4.170 124.395
124.210 4.140 138.335
124.220 4.080 132.730
124.230 3.500 132.476
124.240 4.080 131.311
124.250 3.890 126.502
124.260 3.710 138.958
124.270 3.990 131.934
124.280 3.730 137.604
124.290 4.350 122.540
124.300 4.180 127.633
124.310 3.890 132.921
124.320 3.460 143.144
124.330 3.610 142.539
124.340 3.910 126.061
124.350 3.600 120.208
124.360 3.930 129.253
124.370 3.960 123.172
124.380 3.790 138.324
124.430 4.300 124.341
124.450 4.180 128.549
124.460 3.570 138.455
124.470 4.050 128.232
124.480 4.080 129.847
124.490 4.490 124.108
124.540 3.950 130.081
124.550 3.920 128.847
124.580 4.150 132.312
124.600 4.370 128.246
124.610 4.180 133.605
124.670 4.350 125.527
124.850 3.720 144.704
124.860 4.180 134.436
124.880 4.190 143.505
124.890 3.670 129.966
124.920 3.720 147.387
124.950 3.630 151.137
124.960 3.460 132.673
124.980 3.650 134.791
125.030 3.840 122.143
125.050 3.740 129.188
125.090 3.790 151.692
125.210 3.990 132.159
125.220 3.890 122.383
125.230 3.900 124.767
125.260 3.880 128.070
125.350 4.210 140.350
125.370 4.320 122.310
125.380 3.950 130.058
125.390 3.980 124.848
125.470 3.740 147.077
125.480 4.000 122.883
125.490 4.070 124.716
125.500 4.130 123.672
125.550 3.750 137.496
125.560 3.620 142.168
125.610 4.100 140.402
125.620 3.510 132.474
125.830 4.220 121.041
125.940 4.200 128.740
126.010 4.400 120.132
126.040 3.520 135.330
126.050 4.020 125.617
126.060 4.050 147.899
126.090 3.700 129.086
126.100 4.140 129.149
126.110 4.160 133.981
126.120 3.590 140.306
126.140 4.400 122.564
126.150 4.480 128.880
126.160 3.240 128.583
126.190 3.840 129.764
126.200 3.300 131.329
126.220 4.300 129.777
126.300 4.120 121.704
126.360 4.470 125.037
126.370 4.060 131.816
126.410 3.370 123.456
126.420 4.280 144.170
126.440 4.190 132.246
126.460 3.650 145.004
126.470 3.800 125.479
126.520 3.950 128.088
126.570 4.310 122.668
126.600 3.860 135.284
126.620 3.730 135.343
126.650 3.460 137.487
126.660 3.820 120.531
126.670 3.910 126.291
126.710 3.600 128.610
126.730 3.600 151.061
126.740 3.950 127.812
126.760 3.760 147.306
126.770 3.920 120.617
126.780 3.740 127.874
126.800 4.290 122.007
126.810 3.950 134.215
126.820 3.990 147.458
126.830 4.420 129.039
126.840 4.080 131.919
126.860 4.310 120.251
126.870 4.390 122.879
126.880 4.220 138.680
126.890 4.130 135.071
126.910 4.030 161.747
126.950 4.090 139.096
126.960 3.990 133.148
126.990 4.050 132.480
127.000 4.400 125.652
127.010 4.440 139.160
127.020 4.210 126.076
127.030 4.280 137.263
127.040 4.000 136.007
127.060 4.430 121.480
127.070 4.090 123.500
127.090 4.400 120.666
127.110 4.080 130.267
127.120 4.350 132.403
127.130 4.340 128.015
127.180 4.140 135.217
127.190 4.000 130.090
127.200 3.780 141.577
127.210 3.970 129.222
127.240 4.180 134.803
127.270 4.040 131.283
127.280 4.250 132.931
127.300 4.080 140.369
127.360 4.030 135.536
127.370 3.880 140.320
127.400 3.750 125.403
127.410 3.890 126.684
127.420 4.330 121.638
127.430 4.370 131.189
127.440 4.390 131.153
127.460 3.760 128.662
127.470 4.270 140.036
127.480 3.950 135.848
127.490 3.860 126.874
127.510 3.920 140.294
127.520 3.700 132.163
127.540 3.700 124.627
127.550 4.140 126.144
127.560 4.370 132.789
127.570 3.520 140.873
127.590 4.010 123.901
127.600 4.320 120.962
127.610 3.920 122.110
127.630 3.710 134.178
127.650 3.940 120.831
127.660 4.300 136.882
127.700 3.860 133.231
127.760 3.880 133.126
127.790 4.370 135.392
127.810 4.100 147.290
127.820 4.210 123.236
127.870 3.980 149.262
127.900 4.430 132.786
127.950 4.140 120.595
127.960 4.490 126.700
128.010 4.230 132.014
128.040 3.910 125.125
128.050 4.410 144.007
128.110 4.140 137.815
128.120 4.060 132.190
128.140 4.120 126.423
128.150 4.000 139.126
128.160 3.620 141.413
128.180 3.950 136.405
128.220 4.300 120.750
128.230 4.280 132.308
128.240 4.150 125.057
128.250 3.920 134.851
128.260 3.750 144.860
128.270 4.210 124.492
128.280 4.240 123.083
128.290 4.470 122.348
128.300 3.570 138.131
128.320 4.360 124.323
128.470 4.060 137.430
128.480 3.800 147.848
128.500 3.910 146.050
128.510 3.850 133.422
128.520 4.370 143.629
128.550 4.120 129.655
128.570 4.210 137.952
128.620 4.270 134.265
128.650 4.270 124.110
128.700 4.310 125.024
128.710 3.830 130.391
128.740 4.220 120.061
128.760 3.890 137.157
128.780 3.450 140.895
128.800 3.600 122.650
128.810 3.930 127.648
128.840 3.820 146.021
128.850 3.640 139.200
128.860 4.370 127.738
128.870 3.680 129.407
128.880 4.360 125.700
128.890 3.730 123.698
128.910 4.080 124.561
128.940 3.670 129.032
128.950 3.890 129.860
128.960 4.040 132.320
128.990 4.490 128.150
129.040 4.060 128.555
129.080 4.260 131.998
129.230 4.300 124.405
129.250 4.160 126.276
129.270 4.240 142.348
129.290 4.020 131.511
129.350 4.040 125.407
129.380 3.510 134.768
129.390 4.330 130.130
129.400 3.920 123.744
129.410 4.060 138.228
129.430 4.210 120.820
129.450 4.180 142.510
129.460 3.960 129.910
129.470 4.300 133.075
129.510 3.530 146.375
129.520 4.120 137.735
129.530 3.950 135.852
129.540 4.110 133.517
129.550 4.360 124.467
129.560 4.480 130.774
129.570 3.980 134.578
129.620 4.210 134.607
129.630 3.670 121.545
129.640 4.130 124.133
129.650 4.410 124.251
129.700 4.150 134.772
129.720 4.250 137.290
129.740 4.040 125.633
129.760 3.610 136.835
130.040 3.890 148.475
130.220 4.230 130.194
130.230 4.210 122.737
130.260 4.140 136.106
130.310 4.100 143.099
130.360 4.290 129.745
130.380 4.130 134.341
130.390 3.920 122.664
130.410 3.990 127.309
131.440 4.460 126.160
131.470 3.980 123.695
131.480 4.170 133.689
131.490 4.150 134.254
131.510 4.180 133.272
131.520 4.150 128.564
131.530 3.820 134.827
131.600 3.850 135.127
131.610 4.490 127.521
131.620 4.340 126.988
131.630 4.430 131.511
131.640 3.780 146.115
131.660 4.350 145.763
131.670 4.470 132.561
131.710 4.070 127.331
131.720 3.900 127.054
131.760 4.380 122.086
131.770 4.010 124.954
131.780 3.940 136.002
131.790 4.070 120.629
131.800 3.830 128.905
131.820 4.250 125.068
131.830 3.780 146.317
131.870 4.170 152.709
131.880 3.840 146.091
131.900 4.240 125.519
131.910 3.900 141.703
131.920 4.320 128.006
131.930 4.400 139.946
131.950 3.690 138.300
131.960 4.090 129.749
131.970 4.110 136.882
131.980 4.240 124.744
132.000 3.870 122.562
132.010 4.320 132.070
132.020 4.200 128.492
132.080 4.080 124.041
132.090 4.390 123.544
132.110 3.960 131.065
132.130 3.910 130.360
132.140 4.020 133.973
132.190 3.730 153.406
132.200 3.860 145.006
132.210 4.250 145.509
132.220 4.260 128.032
132.230 4.390 129.044
132.240 4.340 124.866
132.280 3.810 144.928
132.300 4.340 134.235
132.320 4.100 123.806
132.330 4.170 139.411
132.350 4.350 121.738
132.430 4.070 132.602
132.480 4.040 138.143
132.490 4.170 138.772
132.510 4.190 135.313
132.520 3.920 126.244
132.540 4.040 132.533
132.550 4.080 135.153
132.560 3.990 135.306
132.570 4.070 140.098
132.630 3.930 129.921
132.650 4.110 129.363
132.680 4.030 137.277
132.700 4.020 132.626
132.720 4.450 131.688
132.750 4.200 127.228
132.780 4.210 126.687
132.790 4.110 128.301
132.810 3.950 132.023
132.820 3.960 126.164
132.870 3.960 122.257
132.880 4.000 134.564
132.900 4.060 132.299
132.930 4.380 121.181
132.950 3.780 149.830
132.980 3.710 141.469
132.990 3.790 132.617
133.000 3.970 128.039
133.010 4.060 121.731
133.070 3.600 133.861
133.150 3.600 124.410
133.160 3.530 138.884
133.190 3.800 127.114
133.230 3.420 134.986
133.250 3.720 125.155
133.260 3.920 121.010
133.270 3.880 130.406
133.280 3.560 143.273
133.430 4.320 122.306
133.510 3.800 135.466
133.520 4.410 131.582
133.530 4.060 131.488
133.540 4.030 124.555
133.560 3.830 120.176
133.570 4.070 127.805
133.590 4.000 126.259
133.600 4.460 126.983
133.640 4.330 123.425
133.650 4.230 128.968
133.660 3.940 135.466
133.720 4.030 148.693
133.730 3.870 126.409
133.740 4.270 130.954
133.770 4.100 121.124
133.780 4.130 131.588
133.790 3.920 120.192
133.820 4.060 121.295
133.830 4.370 124.220
133.840 4.060 120.501
133.860 3.980 129.734
133.880 3.980 131.662
133.890 3.940 135.129
133.910 3.560 137.215
133.980 3.400 139.319
133.990 3.940 121.750
134.060 3.820 137.105
134.120 4.050 137.840
134.160 3.870 133.655
134.200 4.000 138.198
134.240 3.730 137.943
134.270 4.240 139.476
134.280 3.920 128.972
134.330 3.920 144.078
134.340 4.000 132.596
134.350 3.530 122.461
134.360 3.820 131.981
134.370 4.180 130.572
134.390 3.900 124.540
134.430 4.420 148.353
134.460 3.920 130.188
134.490 4.140 130.358
134.500 4.360 122.196
134.560 4.100 132.073
134.580 3.890 130.751
134.660 4.480 126.204
134.710 4.200 135.217
134.720 3.830 137.363
134.750 4.340 127.636
134.780 4.020 131.485
134.820 4.350 125.528
134.830 3.860 130.833
134.850 4.270 143.264
134.880 3.840 130.018
134.900 3.710 135.650
134.950 4.020 126.335
134.970 4.230 137.538
134.980 4.210 134.626
134.990 4.080 134.686
135.000 4.320 126.163
135.050 3.880 141.315
135.080 4.470 134.571
135.100 4.400 136.439
135.130 3.910 144.281
135.140 4.180 123.594
135.390 4.350 125.223
135.430 4.400 123.695
135.450 4.440 128.762
135.490 4.440 134.495
135.510 4.300 123.888
135.530 4.280 125.909
135.570 4.170 131.946
135.580 4.240 122.765
135.600 3.650 151.522
135.610 4.130 130.339
135.630 4.100 131.672
135.640 4.110 121.609
135.650 3.600 126.724
135.660 4.180 133.785
135.670 3.680 122.269
135.680 3.670 134.933
135.690 4.320 124.276
135.720 3.830 132.797
135.730 3.600 129.552
135.780 3.920 130.002
135.790 4.050 149.542
135.800 3.980 127.306
135.810 4.090 141.107
135.850 3.760 129.931
135.880 4.120 146.453
135.890 4.230 130.892
135.900 3.820 125.896
136.060 4.130 123.614
136.170 4.490 121.293
136.190 3.870 124.596
136.200 4.460 129.898
136.230 4.150 142.899
136.430 4.280 144.155
136.450 4.210 124.717
136.470 4.050 133.272
136.520 3.760 132.621
136.580 3.740 134.352
136.590 3.900 130.719
136.620 4.040 129.260
136.630 4.140 128.531
136.640 3.830 120.908
136.650 3.890 121.370
136.660 3.970 146.921
136.670 3.800 141.032
136.680 4.150 127.778
136.690 4.020 140.448
136.700 4.210 127.215
136.730 3.940 124.544
136.750 3.660 132.023
136.770 3.930 132.904
136.780 4.420 133.853
136.800 3.900 120.090
136.810 4.240 122.177
136.820 4.100 139.496
136.840 4.410 127.761
136.910 3.770 126.907
136.930 4.120 132.355
136.960 4.220 126.007
137.050 4.010 123.503
137.070 4.280 141.748
137.100 4.400 122.877
137.130 4.480 121.577
137.160 3.900 126.460
137.200 3.550 145.688
137.210 3.750 139.445
137.230 3.720 137.020
137.310 4.270 121.412
137.320 3.790 134.515
137.340 3.650 142.826
137.350 4.090 125.243
137.440 4.330 129.797
137.480 4.200 129.792
137.550 4.130 122.582
137.560 4.410 137.334
137.580 4.090 141.373
137.590 3.700 138.253
137.600 4.120 121.168
137.610 4.060 122.627
137.620 3.840 123.605
137.630 3.800 146.303
137.640 3.390 145.598
137.650 3.560 133.407
137.660 4.330 133.454
137.670 3.930 123.112
137.690 3.950 124.852
137.700 3.640 124.397
137.710 3.620 135.015
137.720 4.100 125.949
137.750 4.120 120.687
137.760 3.750 136.133
137.770 4.040 129.422
137.780 3.890 141.595
137.790 3.850 123.515
137.800 3.830 122.562
137.840 4.320 132.474
137.870 4.040 140.801
137.890 3.810 136.835
137.900 4.460 128.136
137.910 3.700 129.320
137.940 4.110 131.523
137.950 3.670 125.078
137.960 3.550 133.693
137.970 3.630 124.656
137.990 4.090 122.730
138.000 3.560 132.082
138.010 3.690 145.411
138.020 4.350 139.723
138.030 4.020 137.473
138.060 4.080 127.538
138.070 3.560 125.059
138.080 4.300 123.035
138.100 4.090 121.688
138.110 4.310 121.618
138.120 3.370 157.847
138.160 3.390 120.625
138.170 4.380 124.837
138.200 4.010 138.814
138.220 3.700 137.659
138.250 3.950 134.772
138.280 3.940 120.079
138.310 3.990 122.672
138.320 4.140 121.935
138.330 3.710 128.406
138.360 3.820 138.394
138.380 3.590 140.706
138.410 4.390 121.709
138.420 3.910 126.876
138.430 4.110 131.543
138.440 4.040 123.746
138.450 3.930 127.222
138.460 3.580 138.470
138.470 4.090 136.777
138.480 3.510 143.593
138.490 4.270 129.106
138.500 3.600 148.405
138.520 4.040 141.044
138.540 3.990 120.664
138.550 4.350 122.630
138.560 3.710 126.897
138.570 4.020 130.346
138.600 3.940 146.012
138.610 4.280 133.222
138.630 4.440 127.371
138.640 4.290 124.778
157.890 3.670 136.215
157.900 4.480 122.292
158.130 4.130 129.493
184.490 3.870 122.694
184.580 3.500 122.012
184.750 3.980 140.666
184.760 3.520 123.152
184.770 4.370 124.644
184.790 3.930 129.337
184.800 4.240 136.503
184.830 3.660 129.827
184.840 3.830 133.680
184.850 4.030 134.977
184.860 4.210 123.868
185.210 3.590 121.528
185.240 4.230 120.683
185.260 4.410 137.208
185.310 4.160 134.573
185.330 4.320 123.568
185.380 3.750 125.038
185.390 3.770 147.081
185.400 3.560 145.619
185.420 3.650 146.353
185.440 3.640 128.608
185.450 4.080 126.267
185.460 4.200 134.371
185.470 4.480 123.428
185.480 3.690 139.961
185.530 4.100 147.082
185.550 3.800 134.590
185.630 3.420 126.781
185.640 3.550 148.106
185.670 3.730 126.396
185.690 3.510 150.089
185.700 4.200 135.135
185.710 3.870 134.452
185.720 4.060 125.766
185.730 3.560 136.116
185.750 3.710 133.241
185.790 4.220 125.121
185.810 3.930 131.545
185.830 4.270 124.120
185.840 4.160 121.994
185.850 3.610 129.572
185.860 4.270 127.269
185.890 4.400 121.930
185.900 4.360 141.535
185.920 4.010 144.498
185.940 4.180 140.279
185.960 4.170 126.008
185.970 4.190 138.642
185.980 4.000 143.274
185.990 4.090 132.781
186.010 3.950 126.099
186.020 3.920 124.828
186.030 3.830 128.645
186.040 3.990 144.335
186.060 4.190 135.715
186.080 4.000 123.241
186.140 3.890 130.118
186.150 4.090 126.607
186.160 4.120 128.829
186.170 4.140 131.128
186.180 3.940 135.688
186.200 4.110 125.261
186.230 4.030 137.559
186.260 3.910 120.970
186.280 4.180 121.288
186.290 4.290 143.032
186.340 3.770 137.173
186.350 4.240 122.305
186.390 4.010 126.443
186.410 3.940 134.036
186.450 4.340 127.338
186.460 4.080 125.867
186.490 4.280 133.968
186.520 3.700 137.754
186.580 3.560 126.782
186.590 4.180 124.347
186.610 3.770 120.270
186.710 4.250 132.846
186.760 3.920 124.765
186.970 4.030 130.341
186.980 4.320 137.834
187.020 3.940 123.598
187.040 3.800 131.399
187.050 4.210 135.025
187.060 3.830 124.871
187.070 3.490 139.501
187.090 3.770 141.462
187.100 3.900 147.175
187.130 4.130 143.810
187.160 3.970 122.817
187.170 4.400 120.997
187.530 3.560 135.541
187.540 3.770 133.380
187.550 4.230 120.642
187.560 4.280 126.963
187.580 4.210 132.857
187.800 3.910 131.982
187.810 4.080 135.387
187.830 3.950 131.557
187.860 4.100 125.453
187.870 3.710 130.154
187.910 4.490 130.576
187.930 4.390 136.107
187.940 3.560 136.337
187.990 4.280 120.907
188.030 4.350 140.892
188.110 4.420 128.998
188.120 3.760 142.982
188.140 3.530 138.995
188.200 4.210 132.454
188.220 4.350 126.633
188.240 4.120 131.800
188.270 4.260 139.150
188.330 4.450 124.106
188.350 4.080 126.824
188.390 4.210 121.717
188.410 4.140 123.803
188.420 3.990 139.797
188.450 4.040 136.980
188.510 4.320 142.119
188.530 4.130 142.461
188.570 4.410 122.463
188.620 4.200 127.198
188.630 4.460 126.825
188.640 3.870 139.566
188.650 3.700 148.685
188.670 3.510 138.080
188.690 4.030 130.638
188.700 4.150 133.741
188.710 4.000 134.351
188.720 4.250 137.361
188.730 3.960 123.939
188.750 4.200 153.281
188.770 4.090 121.678
188.780 4.250 126.356
188.810 3.840 134.610
188.830 3.920 134.039
188.840 4.230 136.156
188.850 4.370 120.877
188.860 3.990 135.254
188.870 3.780 144.498
188.890 3.490 142.345
188.920 4.040 124.437
188.950 3.740 135.985
188.960 4.230 122.444
188.970 4.200 123.557
189.000 3.950 126.093
189.010 3.610 148.864
189.020 4.300 130.088
189.050 3.720 145.049
189.060 3.990 131.594
189.070 4.400 135.637
189.090 4.080 135.481
189.100 4.050 142.090
189.110 3.990 141.983
189.120 4.000 136.900
189.190 4.390 122.023
189.220 3.690 134.608
189.270 3.780 131.524
189.290 4.180 129.529
189.300 3.820 148.717
189.390 4.060 124.346
189.400 3.990 125.604
189.410 4.120 132.158
189.430 3.730 154.677
189.450 3.480 131.802
189.480 4.120 120.827
189.500 4.290 134.964
189.510 4.160 134.631
189.520 4.110 137.363
189.530 4.290 124.291
189.800 3.550 128.472
189.860 3.930 134.994
189.870 3.580 138.071
189.880 3.900 129.880
189.890 3.700 135.099
189.910 4.220 127.620
189.940 3.720 124.956
189.950 4.170 138.209
189.970 4.100 121.772
190.030 4.040 121.526
190.070 4.180 141.304
190.080 3.940 142.000
190.100 4.080 128.556
190.130 4.030 135.171
190.140 4.460 145.770
190.180 3.760 135.939
190.190 3.640 131.544
190.200 4.030 125.344
190.250 4.440 124.261
190.260 3.530 131.085
190.270 3.780 125.933
190.280 4.480 135.273
190.300 3.660 124.866
190.310 3.740 141.272
190.330 4.370 126.863
190.380 3.880 121.577
190.390 3.990 144.882
190.410 3.400 127.043
190.420 4.380 131.463
190.440 4.360 133.245
190.450 3.730 130.813
190.460 3.650 136.875
190.470 4.060 124.230
190.490 3.910 125.296
190.500 3.650 124.704
190.540 4.230 122.714
190.580 4.430 123.889
190.590 4.400 122.120
190.600 3.800 139.084
190.630 3.830 137.079
190.650 4.270 132.326
190.680 4.100 120.933
190.700 4.470 136.800
190.710 3.970 122.053
190.730 4.150 130.056
190.740 4.330 127.636
190.860 3.720 126.704
240.660 3.960 123.241
240.680 4.000 131.215
240.700 4.250 124.130
240.730 3.940 130.198
241.090 4.350 138.139
241.130 4.370 136.346
242.280 3.840 124.239
251.900 4.240 129.174
251.910 4.020 143.496
270.090 4.110 126.120
270.180 4.210 137.265
270.220 4.060 130.428
270.230 4.040 132.482
270.310 4.080 125.904
270.320 4.120 120.854
270.350 4.180 131.181
270.370 4.330 123.043
270.400 3.640 120.177
270.410 3.920 135.525
270.430 4.280 128.169
270.450 3.680 146.217
270.470 4.060 139.884
270.490 4.260 125.810
270.580 3.780 123.286
270.600 4.230 120.009
270.610 4.210 139.974
270.620 4.160 139.437
270.630 4.350 127.781
270.650 4.370 130.348
270.660 4.150 132.948
270.680 4.390 130.226
270.690 4.060 125.120
270.700 4.240 133.600
270.710 3.810 131.093
270.720 3.940 124.282
270.740 3.910 123.174
270.750 4.210 123.881
270.770 3.650 122.012
270.820 3.540 122.198
270.840 4.030 127.997
270.850 4.450 121.116
270.870 4.010 144.949
270.880 3.520 141.727
270.890 4.030 133.013
270.900 4.010 128.408
270.910 3.880 137.047
270.930 4.070 123.669
270.950 3.990 123.415
270.960 3.840 130.766
270.970 4.060 140.631
270.980 4.290 138.238
270.990 4.460 132.210
271.010 4.140 133.822
271.020 3.940 133.481
271.030 3.780 126.760
271.060 4.370 126.221
271.100 3.600 131.447
271.120 4.160 128.070
271.190 3.910 122.699
271.200 3.930 126.497
271.230 4.020 132.800
271.260 3.850 121.082
271.270 4.010 123.192
271.310 4.330 122.832
271.320 3.880 122.381
271.330 4.090 133.844
271.340 3.780 121.512
271.370 3.760 132.633
271.460 4.110 120.567
271.470 3.600 122.855
271.520 3.710 134.951
271.540 3.690 126.375
271.550 4.470 120.929
271.650 3.840 129.736
271.680 4.180 125.519
271.790 3.760 136.424
271.800 3.890 136.125
271.810 3.650 131.985
271.820 4.330 129.242
271.830 4.440 129.335
271.900 3.630 130.556
271.910 3.800 127.781
271.930 4.170 139.109
271.940 4.130 149.637
271.970 3.790 137.114
271.980 3.810 123.126
272.000 4.080 130.028
272.010 4.130 136.969
272.050 4.230 139.559
272.070 3.900 130.557
272.080 3.830 127.191
272.090 4.150 133.702
272.100 3.660 128.956
272.110 3.580 147.423
272.120 3.900 122.636
272.130 3.920 134.955
272.140 4.220 129.738
272.150 3.880 123.103
272.190 4.380 126.031
272.220 3.680 140.162
272.230 4.300 122.107
272.260 4.250 134.273
272.270 4.240 126.984
272.280 4.480 144.692
272.390 4.420 124.572
272.430 4.470 125.481
272.440 4.140 126.225
272.460 4.270 125.732
272.620 3.660 133.380
272.640 3.880 131.612
272.670 3.580 135.376
272.690 3.870 135.142
272.700 4.000 120.154
272.740 4.010 124.586
272.780 4.490 130.600
272.790 4.060 128.939
272.800 3.880 134.216
272.810 3.920 129.740
272.820 4.040 120.584
272.840 4.190 122.449
272.850 4.310 124.228
272.910 4.050 122.567
272.930 4.060 127.071
272.940 3.890 120.902
272.950 4.170 125.425
272.960 4.350 125.849
273.020 4.400 136.461
273.130 4.250 135.176
273.210 3.940 134.663
273.240 4.310 138.063
273.260 3.840 124.423
273.290 4.360 124.678
273.300 4.050 142.134
273.310 4.130 121.635
273.320 3.660 120.520
273.340 4.040 122.379
273.470 4.340 126.104
273.500 4.030 125.453
273.530 3.880 129.578
273.570 3.830 132.984
273.580 3.780 126.715
273.590 4.250 136.895
273.620 4.170 136.341
273.630 3.930 138.116
273.640 3.610 148.975
273.650 4.040 123.087
273.670 3.900 125.485
273.680 3.950 138.002
273.690 4.440 129.828
273.700 4.290 131.078
273.710 3.850 138.126
273.750 4.190 145.044
273.760 3.850 125.722
273.770 3.970 126.174
273.780 4.430 120.035
273.790 3.860 140.004
273.860 4.210 142.599
273.890 4.440 123.730
273.910 3.680 128.077
273.930 4.090 126.620
273.950 4.450 149.089
273.960 3.710 129.926
273.970 3.610 144.661
273.990 4.030 134.205
274.670 3.840 128.866
274.680 4.100 137.824
274.690 4.270 130.393
274.710 3.870 131.360
274.730 4.020 129.628
274.770 3.740 123.380
274.810 3.960 121.151
274.830 4.470 124.910
274.880 4.140 128.834
274.890 3.910 121.129
274.960 4.220 131.476
274.970 4.390 133.324
274.980 3.900 120.078
274.990 4.130 136.018
275.010 4.270 124.006
275.050 4.190 130.089
275.070 4.330 128.558
275.080 3.690 130.973
275.090 4.310 123.495
275.110 4.240 124.293
275.160 4.180 136.533
275.190 3.940 135.865
275.200 4.030 140.728
275.210 3.730 134.028
275.220 3.740 134.730
275.230 4.230 125.654
275.270 3.650 133.434
275.280 3.490 123.519
275.290 3.760 130.304
275.300 3.730 127.511
275.310 4.130 144.411
275.320 4.210 128.138
275.330 4.300 128.757
275.370 4.190 131.023
275.390 4.060 124.466
275.400 3.780 127.987
275.430 4.250 124.721
275.450 4.030 125.835
275.460 3.950 130.356
275.470 4.090 135.950
275.480 3.550 139.046
275.490 4.180 129.116
275.500 3.910 122.791
275.510 3.640 134.613
275.520 4.230 121.152
275.580 4.300 122.501
275.590 4.310 122.367
275.600 4.040 125.142
275.610 4.210 133.679
275.620 4.270 123.005
275.630 3.890 129.125
275.650 3.650 144.964
275.660 4.110 133.892
275.670 3.880 131.105
275.680 3.840 129.579
275.730 3.600 135.653
275.750 3.950 128.103
275.760 3.730 127.127
275.780 4.430 122.159
275.790 4.100 130.386
275.800 4.420 127.893
275.810 3.640 126.313
275.850 3.810 133.073
275.930 4.420 128.524
275.970 4.470 129.060
303.070 4.460 137.771
350.580 4.430 131.004
350.700 4.180 134.279
350.780 4.450 143.762
350.920 3.890 128.049
350.930 4.190 122.333
350.970 3.970 127.349
351.040 3.920 133.347
351.070 3.510 122.867
351.130 4.410 137.477
351.140 4.430 151.034
351.180 4.190 123.917
351.190 4.280 134.434
351.230 4.230 121.760
351.250 4.310 146.156
351.460 4.380 122.612
351.470 4.080 135.465
351.750 4.240 132.050
351.880 4.170 128.705
352.120 3.840 120.601
352.150 3.680 122.161
352.170 4.040 123.664
352.260 3.950 135.759
353.590 4.450 125.918
353.640 4.450 160.087
353.690 3.660 132.001
361.120 4.110 123.286
367.050 4.470 133.198
367.970 4.040 122.683
368.000 3.670 122.274
368.010 3.510 143.395
368.030 3.510 134.147
368.040 3.900 122.943
368.240 4.120 130.451
368.450 4.380 138.074
368.690 3.820 145.137
368.700 3.520 123.229
369.100 4.340 127.720
369.130 4.480 129.542
369.280 4.420 144.541
369.380 4.260 143.239
369.410 4.390 123.455
369.570 4.440 123.482
370.010 4.340 124.841
370.030 3.860 145.567
370.130 3.500 132.465
370.140 3.560 141.355
370.170 4.290 125.366
370.910 4.340 138.456
426.970 4.080 124.441
426.980 4.360 155.691
426.990 4.180 145.847
427.000 4.070 125.366
427.020 4.200 132.823
427.030 3.750 120.983
427.120 4.300 127.374
427.130 4.280 127.065
427.160 4.160 137.204
427.170 4.000 122.905
427.180 4.090 133.177
427.200 4.390 137.449
427.220 3.690 130.916
427.230 3.480 128.482
427.240 3.710 131.686
427.250 3.910 123.151
427.310 4.330 131.651
427.320 4.370 131.130
427.330 4.350 135.502
427.380 4.340 137.409
427.460 3.940 132.820
427.470 3.740 140.170
427.480 3.580 139.541
427.500 3.870 128.132
427.510 4.330 141.603
427.520 4.070 137.686
427.530 4.220 125.995
427.540 3.850 125.458
427.550 4.020 135.398
427.560 4.220 142.658
427.570 4.240 137.818
427.600 4.370 121.136
427.610 3.890 139.980
427.630 3.740 141.602
427.660 4.230 132.185
427.670 4.180 131.589
427.770 3.730 148.898
427.790 3.670 126.188
427.880 3.710 129.351
427.960 4.160 124.419
428.010 3.880 139.964
428.030 4.300 130.709
428.040 4.130 125.084
428.050 3.640 132.106
428.140 3.890 140.266
428.160 3.890 128.425
428.170 3.590 122.564
428.180 3.490 130.603
428.220 4.160 131.861
428.240 4.430 123.069
428.260 4.120 124.285
428.310 4.430 131.216
428.330 4.240 147.382
428.340 3.940 135.632
428.350 3.960 124.177
428.360 4.230 132.049
428.390 3.640 136.641
428.420 4.100 130.852
428.470 4.140 127.646
428.480 3.750 130.535
428.490 4.230 123.931
428.500 3.830 135.539
428.560 3.800 138.008
428.570 3.700 143.887
428.660 4.020 121.766
428.760 4.180 122.622
428.780 3.820 145.284
428.790 3.380 153.909
428.820 4.300 128.546
428.830 3.800 136.093
428.840 4.140 122.657
428.850 4.250 130.547
428.880 4.230 123.530
428.900 3.690 129.305
428.910 4.160 124.653
428.920 3.950 134.797
428.930 3.990 133.567
428.940 4.480 122.316
428.960 3.950 132.277
429.000 4.220 129.877
429.030 4.430 127.079
429.040 4.250 128.310
429.070 3.950 130.157
429.080 3.910 129.589
429.100 4.430 126.737
429.110 3.950 134.497
429.120 4.450 125.244
429.130 4.070 134.127
429.170 3.750 139.608
429.190 4.130 130.154
429.210 4.210 127.602
429.220 3.720 130.007
429.240 4.490 145.171
429.250 4.200 146.282
429.260 4.480 145.544
429.290 4.200 129.142
429.300 4.100 122.388
429.310 4.240 136.717
429.320 4.360 138.310
429.330 4.020 138.533
429.340 3.520 132.564
429.350 4.050 128.315
429.360 4.180 138.065
429.390 4.040 140.425
429.400 3.690 139.805
429.450 4.040 138.019
429.460 4.390 126.423
429.470 3.670 129.404
429.490 4.220 134.743
429.500 4.310 127.432
429.520 4.400 134.914
429.530 4.490 124.904
429.540 4.420 131.711
429.550 3.600 147.324
429.560 4.470 122.495
429.570 3.900 133.932
429.580 4.240 125.893
429.590 3.670 131.385
429.610 3.880 126.685
429.620 3.860 131.279
429.660 4.350 130.278
429.680 4.460 120.007
429.850 4.280 123.444
430.090 4.240 131.325
430.110 3.940 147.185
430.120 3.910 146.324
430.130 4.410 121.285
430.150 3.760 125.788
430.170 4.250 128.085
430.200 4.010 129.123
430.270 4.260 128.912
430.310 3.840 137.766
430.320 3.610 149.673
430.330 3.620 146.955
430.350 4.280 135.903
430.360 4.480 129.013
430.370 4.210 135.146
430.380 4.210 123.807
430.390 4.490 122.440
430.440 4.410 121.982
430.460 3.960 144.707
430.470 3.790 126.610
430.480 4.430 120.161
430.500 3.560 136.790
430.510 4.340 125.265
430.530 3.680 127.505
430.560 4.270 127.604
430.570 3.700 145.603
430.580 3.860 120.115
430.710 4.340 129.308
430.820 3.770 133.285
430.830 4.250 136.172
430.840 3.990 123.927
430.850 4.490 125.177
430.880 4.460 131.579
430.900 4.230 133.919
430.920 4.030 128.523
430.980 4.250 124.990
430.990 4.220 132.604
431.060 4.070 142.449
431.070 4.120 139.317
431.080 3.870 130.492
431.100 3.740 138.531
431.160 3.890 130.145
431.240 4.040 126.176
431.250 4.010 120.348
431.260 4.090 132.167
431.330 4.390 124.337
431.370 4.000 131.448
431.380 4.410 121.016
431.390 4.330 137.398
431.400 3.640 133.129
431.460 3.880 152.641
431.470 4.310 123.669
431.480 4.290 126.218
431.500 3.630 122.645
431.510 4.320 137.211
431.530 4.080 128.786
431.540 3.840 136.810
431.570 4.100 137.868
431.620 4.390 142.218
431.690 3.790 139.544
431.700 4.180 123.343
431.750 4.050 142.540
431.760 4.300 122.429
431.770 4.140 128.061
431.810 3.840 137.036
431.820 4.340 121.401
431.840 4.220 126.811
431.850 4.150 132.853
431.890 4.070 128.703
431.910 3.910 142.074
431.940 4.350 129.350
431.950 3.650 125.684
431.960 4.440 123.036
431.970 4.320 132.430
432.000 3.970 129.556
432.010 3.990 122.325
432.130 4.010 130.252
432.160 3.560 140.213
432.170 4.050 127.759
432.180 4.390 121.767
432.190 4.170 132.464
432.200 4.250 134.126
432.210 4.460 142.114
432.220 3.870 127.689
432.250 4.410 131.516
432.260 4.440 132.144
432.280 4.010 123.917
432.300 4.180 135.427
432.400 3.630 130.341
432.430 4.240 130.928
432.440 3.780 135.461
432.490 4.080 126.928
432.560 4.280 126.467
432.570 4.100 127.540
432.580 3.870 122.901
432.590 3.730 129.986
432.600 3.920 131.866
432.610 4.130 130.060
432.630 3.980 131.733
432.640 4.400 128.211
432.700 4.240 124.224
432.710 3.880 138.749
432.720 4.180 130.958
432.740 4.210 126.306
432.760 3.920 136.919
432.770 4.350 124.599
432.780 3.490 147.117
432.790 4.030 124.032
432.800 3.430 141.650
432.810 3.470 125.010
432.840 3.500 127.865
432.850 3.900 146.464
432.860 4.040 139.050
432.910 4.230 130.483
432.920 4.420 120.721
432.940 3.780 125.009
432.950 4.320 122.985
432.980 4.030 131.562
432.990 3.580 128.997
433.010 4.030 126.871
433.020 3.550 134.478
433.030 4.010 164.729
433.060 3.540 144.431
433.070 3.780 128.684
433.090 4.010 129.755
433.100 3.800 133.159
433.110 4.250 149.457
433.130 4.460 131.551
433.190 3.880 135.386
433.200 3.810 125.640
433.230 4.360 134.025
433.260 4.260 129.389
433.270 4.030 131.130
433.280 3.900 128.570
433.290 4.320 135.939
433.310 4.200 129.634
433.330 4.320 129.459
433.340 4.300 123.807
433.350 4.430 125.979
433.460 3.930 122.522
433.520 4.120 133.800
433.530 3.830 125.942
433.650 4.220 125.433
433.680 3.610 123.513
433.690 3.940 124.546
433.730 4.480 125.984
433.760 4.010 127.128
433.790 4.110 129.252
433.800 4.330 135.252
433.810 4.280 124.812
433.830 4.390 150.338
433.970 3.880 124.049
433.990 4.290 134.661
434.010 4.270 122.434
434.030 4.080 136.616
434.050 4.280 128.441
434.060 4.370 123.642
434.100 4.240 128.386
434.150 4.000 135.384
434.160 3.960 133.504
434.170 4.250 141.641
434.190 4.080 136.022
434.210 4.150 123.888
434.230 4.170 130.208
434.240 4.160 135.828
434.250 4.130 126.876
434.270 4.320 123.354
434.280 4.450 123.593
434.320 3.710 133.169
434.330 4.180 133.391
434.340 3.770 145.060
434.360 4.360 120.270
434.370 4.220 134.763
434.390 4.010 129.337
434.400 3.900 139.651
434.410 4.040 121.014
434.420 4.280 130.648
434.440 4.260 128.968
434.460 4.120 138.556
434.490 3.920 126.953
434.500 4.110 128.419
434.510 3.530 133.034
434.520 3.880 141.811
434.550 4.200 124.978
434.560 4.080 140.828
434.570 4.480 127.093
434.600 4.370 127.606
434.640 4.280 128.143
434.650 3.940 124.267
434.660 3.550 134.316
434.670 3.520 122.018
434.680 4.490 130.095
434.690 4.060 120.564
434.710 4.140 138.199
434.740 4.340 122.565
434.750 4.200 125.813
434.790 4.200 123.929
434.800 4.220 134.479
434.850 3.860 136.191
434.880 4.210 122.963
434.890 4.130 129.504
434.900 4.430 148.327
434.910 3.960 126.843
434.940 4.380 126.616
435.000 3.940 121.281
435.010 3.880 130.902
435.030 3.940 120.368
435.080 4.370 122.435
435.090 4.330 131.322
435.110 3.870 124.837
435.120 3.740 139.474
435.130 4.180 123.962
435.140 4.200 125.549
435.150 4.280 138.252
435.160 4.350 130.254
435.170 4.470 122.357
435.180 4.360 150.638
435.220 4.360 141.768
435.230 3.930 133.433
435.250 4.140 143.438
435.280 4.030 124.261
435.290 4.100 129.804
435.300 4.060 139.631
435.310 4.110 135.389
435.330 3.660 134.802
435.350 4.230 122.717
435.360 4.300 120.319
435.370 3.570 123.463
435.380 4.130 129.826
435.390 4.030 128.933
435.410 3.630 140.397
435.420 4.130 135.948
435.430 3.970 120.172
435.440 4.040 122.598
435.450 4.260 143.388
435.460 4.140 134.778
435.470 3.820 133.041
435.480 4.110 129.584
435.500 4.120 134.079
435.540 4.110 130.321
435.550 4.210 123.564
435.560 3.640 131.063
435.600 4.370 127.835
435.610 3.580 134.259
435.620 3.710 133.226
435.630 4.020 136.731
435.640 4.270 120.646
435.670 4.180 134.185
435.680 3.880 124.395
435.690 3.820 124.367
435.700 3.930 120.895
435.720 3.570 143.166
435.730 3.730 127.143
435.740 4.020 123.983
435.750 4.240 146.713
435.790 3.530 136.722
435.820 4.390 130.040
435.840 4.180 120.776
435.850 4.100 141.077
435.860 4.240 127.401
435.870 3.730 133.850
435.880 3.730 134.262
435.910 3.950 128.703
435.920 3.620 126.813
436.300 4.450 128.280
436.310 4.130 129.475
436.410 4.440 135.321
436.420 4.090 124.778
436.430 4.060 125.560
436.450 4.490 133.040
436.460 3.710 140.908
436.480 4.400 124.088
436.500 4.220 126.495
436.510 4.370 131.921
436.520 3.870 121.041
436.550 4.330 125.326
436.570 4.220 127.409
436.620 4.320 126.035
436.630 3.850 123.276
436.640 3.930 135.013
436.660 4.400 128.144
436.690 3.830 129.981
436.700 4.200 132.794
436.710 3.650 135.146
436.780 4.490 124.586
436.800 4.140 134.142
436.810 4.040 134.065
436.840 3.940 136.485
436.910 4.360 123.420
436.930 4.490 135.954
436.940 4.260 141.180
436.950 4.110 123.631
437.070 3.470 121.041
437.090 4.010 120.718
437.100 4.170 135.532
437.110 3.810 142.996
437.140 4.240 138.149
437.150 4.150 132.344
437.160 3.810 131.521
437.170 4.270 139.687
437.180 4.250 121.204
437.210 4.030 128.306
437.240 3.630 125.741
437.260 4.050 121.546
437.440 4.360 124.568
437.480 3.860 134.308
437.650 4.300 135.533
438.610 4.410 123.159
438.620 3.960 131.819
438.680 4.060 125.338
439.200 4.100 126.040
439.210 3.640 120.787
439.230 4.440 120.578
439.240 4.260 128.374
439.250 4.070 127.545
439.280 4.450 126.096
439.290 4.300 128.258
439.300 3.500 137.724
439.310 4.150 129.672
439.330 4.180 133.236
439.350 4.240 123.058
439.540 3.810 126.180
439.560 3.600 129.311
439.570 3.930 128.008
439.660 3.850 124.719
439.680 4.380 125.581
439.690 4.440 122.528
439.770 4.150 129.755
439.780 3.890 142.343
439.790 3.790 135.466
439.800 4.290 133.791
439.840 3.930 141.050
439.910 4.370 130.420
439.930 4.020 128.107
439.940 3.570 120.890
439.950 4.220 135.421
439.970 4.120 126.231
439.980 3.920 142.643
440.280 4.070 123.404
440.410 4.470 123.015
440.420 4.470 136.455
440.430 4.060 124.639
440.440 4.120 131.973
440.460 4.030 140.041
440.470 4.030 139.746
440.480 4.250 133.443
440.500 3.640 127.189
440.510 3.770 142.312
440.540 4.020 124.238
440.560 3.750 132.312
440.570 4.160 128.303
440.590 3.880 130.737
440.620 4.100 138.873
440.690 4.410 126.528
440.780 4.470 134.703
440.800 4.110 121.690
440.820 4.150 120.854
440.840 4.280 125.131
440.860 4.070 140.301
440.870 3.790 133.271
440.950 4.070 128.039
441.030 3.910 131.856
441.080 3.950 128.219
441.090 4.150 121.844
441.130 3.800 130.476
441.150 4.080 133.708
441.160 3.910 133.877
441.170 4.380 120.324
441.180 4.370 126.421
441.190 4.020 130.144
441.200 4.080 120.157
441.220 4.250 121.202
441.230 3.630 158.888
441.240 4.190 131.169
441.260 3.810 131.820
441.270 4.230 128.139
441.300 3.550 134.578
441.400 4.180 144.577
441.420 3.870 134.409
441.450 4.440 134.085
441.550 4.440 128.585
441.580 4.270 129.588
441.600 3.450 128.937
441.630 3.950 130.892
441.680 4.030 137.101
441.720 3.700 123.774
441.760 3.600 140.673
441.800 3.760 120.121
441.840 3.960 147.021
441.960 3.780 134.259
442.460 4.350 132.969
442.520 4.200 140.718
442.540 4.210 125.809
442.560 4.380 120.061
442.600 3.700 136.941
442.610 3.820 143.272
442.620 3.790 145.551
442.630 4.240 123.315
442.670 3.820 140.656
442.680 3.900 125.960
442.700 4.020 132.493
442.710 3.340 131.727
442.740 4.290 128.311
442.750 3.530 127.852
442.760 3.680 152.423
442.770 4.350 123.282
442.780 3.700 139.984
442.800 3.920 141.904
442.840 4.100 134.355
442.850 4.340 122.960
443.020 4.360 128.554
443.040 3.630 130.650
443.050 4.030 134.024
443.060 3.960 127.550
443.070 4.050 121.528
443.080 3.870 138.077
443.090 3.670 145.075
443.100 4.140 121.913
443.110 3.930 139.687
443.130 3.800 135.805
443.140 4.420 120.938
443.150 4.060 133.991
443.170 4.140 132.922
443.190 3.540 132.916
443.200 4.080 124.258
443.220 3.850 126.748
443.230 3.890 148.899
443.250 3.910 133.639
443.260 3.980 137.622
443.270 4.260 152.628
443.320 4.270 122.284
443.330 3.310 134.148
443.360 3.790 134.941
443.390 3.820 138.533
443.400 3.760 129.415
443.410 4.280 126.690
443.500 3.420 134.784
443.540 4.280 126.240
443.550 4.450 129.638
443.610 4.040 121.370
443.620 3.730 137.068
443.660 4.080 125.003
443.690 4.310 127.685
443.730 4.170 122.252
443.740 3.800 125.954
443.750 4.460 123.409
443.760 4.320 137.232
443.780 4.140 123.390
443.790 4.310 125.409
443.810 3.890 127.861
443.830 3.840 133.647
443.840 3.860 126.582
443.860 3.860 142.942
443.870 4.080 130.323
443.880 4.190 127.583
443.890 4.260 120.034
443.900 4.050 123.960
443.940 4.430 129.297
443.980 3.790 133.027
443.990 4.010 138.984
444.010 3.860 139.921
444.040 4.420 126.155
444.050 4.010 125.681
444.070 3.390 136.439
444.090 4.190 121.696
444.880 4.280 142.631
444.910 4.180 145.811
444.920 4.480 133.927
444.940 3.660 136.420
444.950 3.720 137.724
444.990 4.180 121.887
445.000 4.410 129.573
445.020 4.020 121.873
445.030 4.200 122.256
445.040 4.430 130.568
445.050 4.290 127.654
445.070 3.970 121.763
445.080 4.230 122.667
445.120 4.440 139.756
445.140 3.890 128.036
445.150 4.140 131.882
445.160 3.630 152.053
445.250 3.760 129.693
445.290 4.010 121.763
445.300 4.470 126.228
445.320 4.460 122.425
445.360 4.010 127.881
445.370 4.050 122.088
445.480 4.190 120.524
445.500 4.140 131.491
445.540 4.020 131.482
445.640 3.970 142.147
445.690 4.100 135.867
445.710 3.850 132.818
445.740 4.360 120.689
445.760 4.240 128.356
445.770 4.110 128.983
445.790 3.600 144.639
445.830 4.130 134.671
445.850 3.770 126.855
445.860 3.930 135.352
445.880 4.420 130.903
445.900 4.170 126.129
446.030 3.580 129.684
446.040 3.620 134.841
446.090 4.230 126.995
446.110 3.780 140.137
446.120 3.970 120.760
446.150 4.230 131.670
446.160 4.300 124.867
446.180 4.210 129.362
446.710 4.270 132.012
446.740 3.570 133.314
446.760 3.630 134.950
446.770 3.590 134.717
446.780 3.950 122.053
446.800 4.360 124.853
446.810 3.520 130.247
446.820 3.740 132.872
446.830 4.280 126.731
446.840 3.720 133.802
446.880 4.110 137.889
446.960 3.950 129.694
446.970 3.940 146.491
447.000 3.930 127.084
447.020 3.870 130.946
447.030 4.250 124.103
447.060 4.070 132.998
447.080 4.350 126.897
447.100 3.410 149.332
447.110 3.740 134.210
447.120 4.240 134.354
447.130 4.030 121.725
447.140 3.580 132.502
447.160 3.930 123.120
447.180 4.390 123.236
447.190 4.280 148.903
447.200 3.760 124.248
447.210 3.560 137.217
447.220 4.480 129.419
447.250 4.110 127.288
447.260 3.820 138.548
447.270 3.810 126.481
447.320 4.040 121.787
447.350 3.540 149.895
447.440 4.240 121.901
447.470 4.470 138.831
447.610 4.490 124.795
447.630 4.410 120.822
447.660 3.820 130.891
447.670 3.820 123.478
447.680 3.860 122.658
447.690 4.460 124.947
447.710 4.160 121.482
447.720 3.720 139.027
447.730 4.450 129.921
447.750 3.980 125.427
447.790 4.080 123.040
447.810 4.280 134.304
447.820 3.820 135.354
447.830 4.170 139.392
447.860 3.660 126.627
447.880 3.910 120.048
447.890 4.160 131.681
447.900 3.810 125.028
447.910 3.930 125.599
447.940 4.390 121.011
447.960 3.820 128.385
447.990 4.290 128.563
448.010 4.080 133.057
448.020 4.410 130.561
448.030 4.080 124.568
448.050 3.840 146.747
448.060 3.960 130.661
448.070 4.040 126.912
448.080 3.550 141.878
448.110 3.500 144.824
448.120 4.320 141.474
448.140 4.230 126.342
448.150 4.340 141.755
448.160 3.870 154.321
448.170 4.140 129.139
448.200 4.210 130.379
448.210 4.250 134.469
448.220 3.910 129.561
448.250 3.670 137.325
448.300 4.460 124.121
448.310 3.870 133.369
448.380 4.130 124.922
448.390 4.390 134.754
448.410 3.780 138.345
448.420 4.010 125.273
448.450 3.620 132.238
448.460 4.240 126.735
448.470 4.450 144.023
448.480 4.150 146.095
448.490 4.260 133.530
448.510 3.600 127.724
448.530 3.800 127.007
448.540 3.660 138.250
448.570 4.190 127.685
448.590 3.990 123.666
448.610 3.890 137.840
448.640 4.110 134.706
448.740 3.910 138.994
448.810 3.800 135.026
448.820 4.100 131.960
448.830 4.120 127.338
448.860 4.260 124.670
448.870 3.700 127.142
448.960 3.880 128.022
448.980 4.160 130.829
448.990 4.180 132.464
449.000 3.790 132.179
449.010 4.470 130.924
449.020 4.210 142.360
449.030 3.560 143.562
449.040 3.710 133.678
449.050 3.610 137.452
449.070 3.720 139.091
449.080 4.240 130.586
449.100 4.460 128.472
449.110 4.280 142.502
449.180 3.640 132.180
449.190 3.720 130.983
449.200 4.380 123.010
449.230 4.400 125.006
449.250 4.230 121.615
449.320 4.130 137.517
449.330 3.990 135.142
449.340 3.790 138.282
449.350 3.970 127.662
449.380 4.340 127.205
449.390 3.700 122.785
449.400 3.870 124.789
449.410 4.430 143.038
449.420 4.120 140.102
449.430 3.860 141.823
449.460 4.360 120.672
449.480 3.770 150.692
449.530 4.350 134.197
449.560 4.230 132.400
449.620 3.670 128.335
449.650 3.940 136.326
449.670 4.040 130.932
449.680 4.160 127.056
449.710 3.950 128.118
449.810 3.390 142.064
449.820 4.010 140.965
449.830 4.040 120.625
449.850 3.620 129.957
450.550 3.910 126.418
450.580 4.340 120.191
450.640 4.370 131.639
450.650 4.170 124.622
450.670 3.880 134.663
450.680 4.210 149.629
450.690 3.720 133.672
450.700 4.290 124.016
450.710 4.190 121.599
450.840 4.010 121.562
450.850 4.060 124.451
450.880 4.160 129.202
450.890 4.090 130.764
450.900 4.190 139.263
450.920 3.990 123.106
450.940 4.490 130.647
450.980 3.820 122.916
451.220 3.590 136.989
451.250 3.760 144.249
451.260 3.530 153.050
451.270 3.510 132.913
451.280 3.450 138.784
451.290 3.980 126.934
451.300 3.640 149.034
451.310 4.150 156.446
451.460 4.060 121.285
451.490 3.860 138.110
451.510 4.210 127.691
451.540 4.270 125.803
451.550 3.780 141.392
451.570 4.140 136.875
451.580 4.230 122.893
453.890 4.360 131.562
453.900 4.440 124.975
453.980 4.390 125.388
453.990 4.010 124.585
454.000 4.430 133.403
454.010 4.250 130.171
454.020 4.180 128.232
454.050 3.850 136.971
454.090 4.210 133.410
454.130 4.240 143.304
454.140 3.820 131.315
454.180 3.960 137.125
454.200 3.940 120.170
454.210 3.510 130.521
454.230 4.170 134.590
454.240 3.840 128.815
454.260 3.970 134.740
454.270 4.140 126.597
454.280 4.080 142.064
454.310 4.230 123.213
454.350 4.280 129.611
454.370 4.090 142.974
454.410 4.000 127.112
454.420 4.110 129.259
454.440 4.280 127.473
454.450 4.300 143.000
454.490 4.430 121.280
454.500 4.380 128.945
454.510 4.270 127.905
454.540 3.770 133.521
454.550 4.290 124.008
454.560 3.910 125.602
454.960 4.350 120.422
455.010 3.500 127.837
455.140 3.670 132.582
455.200 4.130 139.864
455.210 3.530 129.356
455.220 3.880 131.456
455.240 4.110 131.863
455.250 3.980 121.754
455.290 4.130 132.446
455.360 4.080 138.227
455.380 4.050 148.211
455.390 4.350 131.813
455.430 3.970 127.827
455.460 4.400 129.580
455.470 3.920 124.204
455.490 3.750 142.895
455.500 4.360 146.828
455.510 4.250 132.287
455.530 4.370 131.154
455.540 4.000 127.019
455.560 4.210 128.456
455.640 4.470 128.354
455.660 4.370 129.421
455.750 4.250 149.746
455.780 4.470 122.331
455.800 4.300 145.222
455.870 3.760 129.371
455.880 4.090 120.733
455.890 3.840 130.994
455.930 3.880 123.264
455.940 4.490 128.475
455.960 3.670 123.562
455.970 3.900 120.774
455.990 3.570 134.233
456.000 4.000 130.253
456.020 4.190 125.583
456.040 3.650 133.990
456.050 3.720 130.725
456.060 3.930 123.683
456.070 4.360 131.437
456.090 3.650 131.178
456.100 4.140 129.678
456.120 3.690 127.813
456.170 3.420 136.355
456.210 3.820 131.241
456.240 4.030 122.436
456.260 4.130 144.533
456.300 3.440 139.274
456.310 3.890 131.992
456.330 4.390 140.768
456.340 4.100 121.911
456.350 3.850 130.074
456.410 3.570 138.921
456.430 3.730 141.939
456.440 3.660 133.164
456.450 3.480 153.723
456.460 3.550 123.952
456.470 3.700 147.563
456.480 3.790 131.818
456.490 3.950 128.664
456.500 4.020 140.043
456.510 3.640 128.816
456.530 3.680 138.719
456.540 3.710 136.490
456.550 3.760 151.970
456.570 4.480 123.079
456.610 3.420 128.875
456.650 3.700 128.602
456.660 3.370 144.072
456.680 4.030 123.596
456.720 4.120 137.490
456.760 3.870 130.664
456.780 4.300 130.806
456.800 3.780 133.257
456.810 4.270 120.493
456.840 4.010 134.603
456.850 4.430 126.005
456.870 4.360 135.531
456.950 4.350 131.935
456.970 4.270 133.350
457.000 3.870 122.234
457.030 3.860 136.195
457.040 3.920 134.502
457.070 4.340 134.502
457.080 3.960 129.831
457.100 3.850 137.686
457.120 4.370 121.888
457.130 4.450 136.984
457.140 4.420 131.795
457.150 4.110 122.650
457.180 3.900 138.078
457.190 3.870 120.917
457.200 3.590 121.438
457.210 3.650 127.489
457.220 3.930 131.491
457.230 4.050 134.404
457.250 4.490 137.122
457.260 3.530 145.681
457.270 3.940 123.821
457.280 4.390 126.371
457.300 4.290 128.622
457.310 3.660 122.532
457.390 4.120 149.109
457.400 4.120 139.338
457.410 3.830 128.327
457.510 4.240 140.029
457.550 3.480 137.026
457.560 3.640 144.232
457.570 3.530 139.778
457.580 3.600 126.235
457.600 3.670 130.122
457.630 4.230 134.630
457.660 3.920 122.167
457.670 3.870 135.531
457.690 4.140 139.724
457.700 4.170 121.514
457.710 4.200 145.774
457.720 4.010 131.546
457.770 4.460 134.795
457.820 3.580 137.419
457.830 3.860 136.286
457.840 3.880 133.386
457.850 4.280 121.739
457.870 4.160 133.476
457.880 3.480 132.413
457.900 3.390 130.926
457.910 4.340 132.255
457.920 4.170 134.439
457.950 3.710 133.410
457.980 4.030 143.899
458.010 4.230 122.384
458.040 4.480 121.079
458.050 4.270 121.499
458.060 4.410 122.599
458.080 3.940 136.627
458.100 3.570 121.404
458.120 4.180 126.960
458.130 4.000 147.424
458.150 4.230 121.054
458.160 3.500 137.180
458.230 3.890 133.926
458.250 4.420 126.922
458.260 4.070 126.266
458.270 4.270 124.583
458.290 4.440 127.533
458.300 4.410 132.652
458.310 4.340 125.171
458.320 3.930 127.844
458.340 4.110 120.717
458.350 3.930 139.262
458.400 4.460 122.907
458.410 3.720 121.301
458.420 4.180 121.391
458.430 4.420 123.510
458.490 4.160 131.927
458.510 4.370 120.955
458.530 4.050 135.779
458.540 4.030 137.881
458.550 4.230 120.400
458.560 3.940 136.267
458.570 4.170 131.515
458.580 3.990 140.227
458.600 4.200 125.221
458.610 4.210 129.611
458.660 4.180 142.301
458.680 3.690 130.193
458.740 3.630 133.634
458.750 3.610 122.990
458.770 3.990 122.414
458.790 3.720 153.553
458.800 4.090 138.405
458.810 3.950 130.810
458.820 3.770 133.231
458.850 4.020 132.683
458.870 3.820 135.637
458.880 3.870 122.181
458.900 4.180 125.730
458.910 3.800 121.437
458.970 3.800 128.235
458.980 4.040 142.094
458.990 3.790 126.293
459.000 4.190 129.364
459.010 4.470 125.669
459.050 4.330 122.107
459.060 4.210 123.635
459.090 4.400 129.030
459.100 3.340 137.568
459.110 3.870 134.201
459.120 3.650 125.159
459.130 3.950 121.132
459.150 3.990 126.627
459.180 4.170 135.545
459.220 4.060 127.571
459.230 3.930 142.245
459.270 3.470 128.830
459.340 3.780 129.501
459.350 3.810 125.278
459.380 4.310 124.894
459.390 4.330 130.183
459.440 4.460 136.574
459.460 3.810 120.141
459.470 3.530 146.516
459.480 4.380 128.422
459.510 3.720 124.127
459.530 3.930 127.209
459.540 4.160 127.074
459.580 3.570 124.870
459.590 4.290 121.125
459.610 4.240 141.230
459.630 3.910 133.754
459.660 4.340 123.137
459.680 4.370 123.280
459.710 3.770 132.639
459.720 4.210 137.174
459.730 4.490 129.158
459.740 3.890 135.339
459.750 4.350 123.392
459.800 4.170 129.606
459.820 4.260 126.226
459.840 4.050 132.391
459.850 3.720 125.169
459.890 4.110 126.310
459.900 3.570 130.495
459.910 4.150 136.746
459.930 3.930 131.194
459.950 3.700 133.178
459.970 4.090 128.969
459.980 3.830 136.748
460.000 4.450 140.742
460.010 4.220 148.403
460.020 4.000 144.117
460.030 3.790 134.869
460.040 4.090 141.971
460.050 3.970 141.557
460.060 4.350 136.289
460.070 4.150 130.789
460.080 3.930 121.735
460.120 4.210 124.886
460.130 3.840 128.679
460.180 4.320 150.400
460.190 4.220 126.197
460.310 4.480 126.794
460.320 3.890 144.498
460.350 4.490 128.808
460.360 3.740 120.871
460.490 4.100 121.504
460.500 3.600 127.064
460.510 4.020 127.237
460.560 4.430 120.366
460.570 4.290 134.666
460.580 3.990 122.981
460.650 4.190 135.428
460.670 4.160 126.107
460.680 3.950 135.836
460.740 4.470 135.547
460.770 3.910 125.434
460.820 4.020 130.075
460.830 4.080 126.493
460.890 3.990 130.232
460.910 3.840 122.537
460.930 4.310 126.131
461.010 3.720 124.189
461.100 4.090 123.566
461.130 3.850 142.733
461.140 3.800 149.517
461.190 3.960 128.867
461.200 3.840 121.846
461.210 4.300 130.605
461.390 4.300 140.379
461.430 4.480 125.058
461.470 4.010 141.199
463.200 4.210 123.061
463.220 4.390 123.888
463.230 4.090 128.692
463.240 3.600 135.791
463.260 3.830 128.892
463.280 4.290 121.800
463.300 4.300 122.110
463.330 4.320 123.766
463.360 3.960 133.142
463.380 3.680 142.551
463.740 4.110 125.394
463.760 3.890 120.816
463.770 4.240 120.674
463.820 3.970 132.013
463.850 3.540 131.088
463.860 3.890 132.964
463.900 4.010 140.874
463.930 4.160 133.997
463.940 4.250 133.783
463.970 3.790 129.396
463.990 3.850 136.520
464.000 3.710 132.383
464.010 3.780 132.644
464.040 4.080 121.995
464.050 4.430 125.064
464.080 3.920 134.418
464.100 3.730 128.492
464.110 4.170 124.194
464.140 3.650 132.728
464.150 3.840 150.492
464.160 3.900 131.001
464.170 4.450 125.296
464.180 4.160 125.547
464.190 4.320 132.648
464.230 3.770 152.882
464.240 4.040 144.478
464.250 3.710 124.247
464.260 3.880 132.376
464.280 4.250 134.956
464.320 3.970 135.048
464.330 3.780 126.203
464.360 4.410 127.197
464.370 4.010 136.475
464.380 4.150 132.324
464.420 4.420 128.976
464.430 4.090 141.899
464.440 4.410 121.788
464.470 4.310 144.417
464.510 4.480 139.296
464.520 4.010 134.244
464.540 4.170 120.316
464.570 3.900 128.290
464.590 3.850 142.569
464.600 3.800 142.629
464.610 4.090 136.584
464.620 3.660 128.958
464.660 3.920 126.812
464.730 4.370 132.346
464.740 4.170 126.754
464.760 3.690 155.836
464.770 4.230 128.732
464.780 4.290 127.636
464.800 4.340 121.733
464.820 3.350 141.388
464.870 4.450 130.757
464.900 4.230 143.394
464.910 3.780 121.644
464.930 3.740 124.796
464.960 3.980 123.133
465.000 4.400 136.978
465.010 4.040 120.722
465.020 3.850 125.894
465.260 3.870 143.339
465.270 4.090 128.574
465.280 3.950 137.140
465.300 4.310 129.020
468.140 3.900 126.601
468.180 3.790 132.642
468.190 3.930 133.044
468.210 4.000 132.265
468.220 4.110 123.857
468.240 3.430 126.775
468.300 4.130 125.245
468.320 3.800 141.182
468.350 4.050 135.420
468.370 4.050 120.023
468.390 4.150 139.378
468.410 3.870 134.666
468.450 4.100 134.800
468.470 3.790 141.824
468.480 3.480 136.706
468.500 4.340 130.897
468.610 4.370 121.758
530.530 3.880 136.841
530.560 4.360 136.443
530.580 4.170 136.966
530.590 4.300 121.424
530.600 4.090 138.731
530.610 3.950 124.661
530.620 4.240 130.796
530.670 3.900 137.987
530.690 4.450 130.596
530.700 4.370 130.174
530.710 3.690 138.701
530.720 4.480 126.097
530.780 4.480 121.839
530.850 3.720 128.247
530.870 3.840 122.039
530.880 4.230 141.355
530.910 4.240 145.818
530.930 4.330 132.902
530.950 4.320 127.756
530.960 4.340 123.494
530.970 3.630 128.841
530.990 4.030 133.172
531.010 3.820 133.131
531.030 3.720 120.917
531.150 4.050 123.232
531.180 3.630 134.985
531.190 4.480 120.639
531.210 4.090 124.136
531.220 3.650 125.965
531.240 4.370 121.084
531.260 3.960 121.815
531.270 3.640 125.642
531.280 3.850 128.013
531.300 3.380 126.822
531.340 3.960 128.060
531.350 3.640 144.558
531.450 4.270 154.634
531.470 4.100 121.228
531.480 4.080 124.065
531.490 4.270 142.815
531.510 3.730 131.852
531.520 4.020 132.669
531.550 4.350 124.943
531.580 4.410 132.158
531.590 4.060 130.665
531.620 3.950 140.148
531.630 3.580 144.216
531.650 4.440 122.201
531.670 3.810 137.637
531.690 3.970 155.827
531.700 4.230 129.885
531.710 3.850 135.465
531.730 4.280 148.769
531.740 4.230 127.986
531.750 3.920 139.088
531.790 4.450 130.333
531.810 4.080 125.043
531.820 4.220 121.299
531.830 4.340 137.030
531.870 4.270 138.274
531.880 4.060 139.125
531.890 4.110 135.195
531.940 4.390 126.981
531.950 3.660 137.559
531.960 4.190 126.145
532.020 4.420 136.977
532.030 4.160 145.231
532.060 4.090 135.550
532.080 4.110 130.811
532.100 4.210 121.558
532.110 4.260 124.850
532.150 3.670 131.379
532.160 4.400 136.521
532.210 4.460 122.155
532.220 3.970 139.251
532.230 3.850 135.772
532.330 4.290 139.509
532.380 4.170 138.531
532.390 4.380 127.071
532.400 4.100 131.221
532.410 4.010 130.317
532.420 4.260 135.625
532.430 4.020 137.941
532.440 4.280 135.319
532.460 4.220 139.365
532.470 4.110 129.419
532.480 3.780 139.418
532.490 4.200 122.997
532.500 3.790 137.395
532.510 3.790 139.693
532.520 4.060 120.058
532.530 4.270 141.804
532.550 3.850 129.125
532.570 3.730 137.896
532.580 4.110 133.716
532.600 4.270 123.620
532.610 4.060 120.911
532.620 3.730 137.164
532.660 4.090 137.564
532.680 4.110 128.564
532.690 4.010 129.801
532.720 4.250 141.940
532.740 4.110 131.964
532.810 4.390 122.974
532.900 4.150 121.631
532.970 4.300 120.411
532.980 3.790 138.658
533.040 4.260 124.664
533.090 4.310 123.359
533.100 3.970 134.824
533.120 4.230 130.944
533.140 4.300 131.066
533.160 3.180 134.920
533.170 4.460 127.510
533.190 3.880 134.791
533.200 3.900 127.150
533.240 3.970 128.098
533.260 4.240 122.465
533.290 4.350 132.564
533.300 4.260 139.814
533.420 4.070 121.556
533.430 4.340 127.585
533.480 4.380 123.456
533.510 4.420 126.239
533.520 3.730 133.210
533.530 4.170 146.282
533.570 3.710 127.871
533.580 4.200 139.020
533.590 3.690 129.931
533.600 3.780 123.468
533.610 3.560 122.087
533.620 4.200 124.114
533.650 3.920 137.447
533.670 4.070 124.229
533.680 4.250 130.603
533.720 4.070 130.033
533.730 4.360 129.075
533.740 3.850 130.019
533.760 4.020 126.689
533.790 3.950 130.522
533.800 4.030 125.103
533.810 3.530 144.459
533.840 4.200 136.824
533.880 3.730 131.595
533.890 3.870 133.515
533.960 4.050 137.329
533.990 4.400 123.001
534.010 3.480 139.301
534.040 3.550 128.006
534.060 3.790 131.407
534.080 4.090 144.984
534.120 4.090 129.554
534.130 3.760 128.919
534.190 4.020 126.092
534.220 3.900 137.575
534.250 4.310 121.164
534.270 3.540 138.690
534.290 4.150 120.746
534.320 4.400 126.385
534.350 3.630 131.330
534.410 4.330 162.408
534.420 3.980 134.309
534.450 3.810 127.911
534.470 4.450 124.639
534.480 4.170 129.239
534.490 4.060 125.490
534.510 4.170 126.064
534.520 3.890 125.934
534.530 4.060 125.059
534.540 3.590 137.533
534.560 3.640 124.013
534.570 4.310 120.233
534.580 3.900 120.165
534.590 4.090 126.757
534.600 3.550 124.572
534.620 4.100 136.394
534.630 3.890 127.118
534.640 4.280 139.209
534.650 4.320 129.232
534.660 3.810 135.022
534.700 3.950 128.015
534.730 4.190 133.787
534.740 4.050 122.789
534.750 4.230 125.109
534.780 3.820 139.719
534.800 4.040 133.695
534.830 4.250 130.988
534.850 4.390 135.012
534.870 3.970 147.842
534.980 4.040 121.842
535.000 4.130 137.326
535.050 4.170 123.724
535.080 3.840 123.521
535.100 3.800 140.424
535.130 4.370 122.391
535.150 3.840 121.177
535.180 3.820 130.050
535.210 4.060 138.661
535.230 3.900 126.539
535.240 4.040 120.351
535.250 4.180 133.915
535.260 3.760 131.759
535.270 4.270 122.256
535.300 4.080 125.618
535.310 4.000 139.631
535.350 3.740 135.796
535.380 4.360 140.169
535.460 4.050 131.680
535.470 4.230 137.226
535.480 3.590 129.826
535.500 4.440 148.660
535.520 4.130 131.378
535.590 3.840 145.797
535.600 3.970 130.274
535.630 3.490 136.715
535.670 4.340 127.872
535.680 3.970 123.898
535.690 3.700 120.823
535.710 3.590 134.043
535.720 3.570 143.791
535.740 4.060 121.775
535.780 3.920 127.124
535.790 3.920 139.580
535.800 3.970 124.738
535.830 4.350 120.673
535.850 3.990 131.395
535.890 4.050 141.597
535.920 3.750 130.653
535.940 3.570 140.954
535.960 4.150 131.145
536.000 4.040 124.613
536.020 3.500 131.978
536.200 4.160 135.977
536.210 3.850 155.498
536.320 4.420 129.088
536.350 4.200 131.349
536.370 4.100 130.153
536.480 4.240 125.900
536.490 4.350 121.309
536.510 4.320 122.339
536.550 4.240 121.115
536.690 4.300 125.726
536.730 4.130 134.545
537.260 4.400 121.403
537.290 4.190 127.939
537.550 3.670 134.830
537.820 4.330 127.123
537.960 4.240 136.566
538.000 4.070 133.496
538.010 4.370 124.228
538.020 4.200 128.378
538.040 4.460 122.337
538.070 3.880 141.556
538.100 3.710 151.855
538.110 3.950 139.471
538.120 3.800 143.469
538.130 4.110 136.895
538.140 4.140 126.452
538.150 3.890 126.761
538.170 3.690 124.190
538.180 3.730 122.549
538.190 4.370 130.464
538.200 4.300 126.024
538.220 4.380 130.442
538.230 3.480 133.586
538.550 3.930 149.849
538.560 4.440 126.021
538.580 3.810 140.784
538.600 3.950 122.560
538.610 4.440 125.523
538.620 3.850 134.605
538.630 4.130 131.566
538.650 4.210 128.532
538.690 3.960 126.446
538.720 4.030 122.114
538.730 3.910 129.013
538.750 3.700 141.446
538.770 4.110 146.938
538.780 4.130 120.444
538.790 3.850 124.225
538.800 4.250 127.139
538.820 4.180 156.599
538.840 4.220 124.332
538.850 3.540 131.627
538.870 3.820 122.486
538.880 3.700 138.390
538.890 3.660 122.837
538.900 3.940 132.712
538.910 3.440 139.261
538.920 3.820 126.427
538.930 4.120 135.222
538.950 3.890 130.102
538.960 3.760 139.601
538.970 4.400 120.293
538.990 4.340 128.102
539.070 3.540 128.096
539.080 4.310 130.232
539.110 4.470 123.163
539.130 4.350 122.396
539.170 3.520 142.542
539.180 4.190 125.832
539.200 3.660 135.652
539.210 3.530 141.133
539.250 4.410 123.120
539.330 4.160 128.109
539.360 4.370 120.709
539.390 3.780 125.160
539.630 4.380 132.920
539.710 4.360 135.227
539.740 4.260 128.352
539.760 3.610 134.745
539.800 4.020 122.726
540.170 4.430 121.766
540.180 3.990 137.355
540.210 3.790 130.909
540.220 4.120 122.815
540.230 4.000 127.346
540.250 3.710 127.012
540.260 4.010 135.507
540.270 3.700 145.356
540.280 3.530 122.192
540.320 4.170 135.469
540.340 4.070 140.437
540.350 3.750 131.156
540.360 4.340 126.818
540.380 4.050 133.121
540.390 3.760 145.705
540.400 4.300 123.948
540.490 3.590 134.013
540.500 3.920 127.793
540.510 3.450 136.109
540.530 4.180 125.660
540.540 3.960 128.197
540.560 4.260 125.889
540.570 3.900 126.078
540.580 3.930 121.694
540.590 3.900 123.953
540.630 3.590 136.064
540.640 3.620 138.085
540.660 4.260 130.235
540.680 4.040 135.866
540.700 4.170 122.798
540.720 3.700 127.879
540.750 4.070 129.793
540.760 4.480 126.191
540.770 3.410 134.376
540.780 3.560 131.229
540.800 3.800 135.231
540.810 4.430 124.898
540.830 4.080 122.952
540.850 4.450 125.518
540.870 4.290 124.330
540.900 3.980 141.261
540.910 4.130 146.032
540.930 3.990 142.847
540.950 3.920 124.114
540.960 3.980 139.660
540.970 3.900 140.825
540.990 3.670 125.422
541.010 4.270 126.541
541.070 4.160 130.929
541.090 4.040 123.015
541.100 3.870 142.353
541.150 3.610 146.109
541.160 4.180 135.535
543.310 4.090 130.999
543.330 3.800 143.787
543.340 3.820 125.847
543.350 4.120 139.563
543.370 3.800 130.782
543.380 3.850 131.109
543.400 3.830 127.830
543.420 4.190 121.643
543.440 4.130 132.700
543.450 4.280 130.161
543.560 3.780 138.350
543.570 4.090 123.418
543.590 4.010 136.385
543.600 4.450 135.978
543.610 4.130 123.002
543.630 3.700 138.311
543.670 4.390 129.236
543.680 4.070 136.164
543.690 3.910 134.235
543.710 3.780 127.295
543.720 3.970 132.352
543.750 3.820 124.366
543.780 4.000 130.007
543.800 4.470 130.512
543.820 3.670 128.316
543.830 4.050 129.693
543.840 3.950 138.747
543.850 3.860 129.803
543.890 4.380 121.004
543.960 4.260 136.991
543.980 3.540 154.538
543.990 4.100 127.609
544.000 4.020 136.421
544.020 3.880 144.241
544.040 4.120 135.114
544.050 3.690 131.626
544.060 4.260 138.304
544.070 4.020 122.594
544.090 4.250 126.859
544.100 3.500 133.454
544.120 3.420 129.279
544.150 4.190 133.358
544.160 3.670 137.861
544.170 3.950 124.769
544.180 3.790 127.050
544.200 3.530 134.422
544.210 4.040 123.379
544.220 3.710 130.424
544.240 3.970 135.222
544.270 3.960 130.319
544.350 4.190 120.299
544.440 3.780 122.645
544.600 4.090 130.745
544.610 4.160 143.529
544.620 4.050 128.463
544.640 4.210 123.874
544.660 4.030 129.349
544.670 4.190 127.051
544.690 3.850 129.535
544.720 3.950 134.784
544.740 3.970 133.227
544.770 4.130 121.538
544.780 4.060 125.322
544.800 3.630 139.035
544.810 4.420 121.359
544.830 3.700 131.151
544.860 4.250 127.164
544.870 3.630 136.531
544.900 4.350 120.865
544.930 3.780 133.482
544.950 4.080 138.415
544.960 4.340 138.347
544.980 3.840 125.513
544.990 3.530 133.151
545.000 3.940 121.614
545.010 3.710 136.261
545.020 3.950 126.643
545.040 4.300 122.772
545.050 4.210 127.658
545.070 4.170 125.149
545.080 4.340 120.973
545.110 3.790 129.636
545.120 4.320 135.755
545.140 4.160 122.756
545.170 3.830 136.926
545.190 4.360 135.378
545.200 4.070 127.368
545.270 4.340 128.866
545.280 4.450 133.128
545.300 4.140 121.505
545.310 4.230 126.259
545.320 3.570 121.799
545.350 3.960 143.577
545.360 3.730 139.788
545.370 3.610 148.422
545.380 4.160 124.387
545.400 3.850 135.450
545.410 4.360 129.776
545.470 4.080 125.372
545.480 4.260 126.732
545.490 3.990 134.516
545.520 4.150 129.831
545.550 3.820 127.207
545.560 4.070 134.156
545.580 4.120 123.082
545.610 4.280 125.335
545.640 4.180 134.909
545.770 4.290 123.417
545.790 4.170 129.411
545.800 4.040 134.266
545.810 4.050 129.624
545.820 4.150 126.122
545.950 4.160 125.772
546.040 4.170 126.041
546.050 3.550 138.357
546.070 4.030 122.088
546.090 4.410 126.946
546.100 3.620 140.832
546.110 4.170 145.635
546.120 3.740 136.025
546.130 3.880 127.807
546.140 4.400 130.819
546.150 3.540 122.134
546.170 3.560 140.856
546.190 4.200 149.054
546.200 3.970 135.382
546.210 3.590 132.496
546.220 3.750 141.739
546.230 4.360 129.048
546.240 4.060 133.570
546.260 3.910 137.595
546.320 3.950 139.408
546.330 3.980 128.860
546.350 4.190 131.135
546.370 4.000 129.753
546.380 3.970 124.028
546.400 3.760 126.430
546.410 4.270 127.870
546.420 4.160 123.472
546.440 3.880 141.144
546.450 4.130 125.660
546.470 4.230 128.229
546.490 3.570 134.189
546.530 3.740 121.724
546.550 3.790 129.488
546.570 4.390 128.794
546.580 4.390 135.666
546.590 4.270 130.222
546.720 3.960 126.789
546.730 4.420 122.092
546.740 4.040 131.473
546.950 4.320 125.992
546.990 4.380 126.993
547.050 3.790 130.085
547.170 3.930 131.326
547.180 4.290 122.779
547.190 4.150 121.719
547.200 3.670 126.010
547.210 4.000 122.909
547.220 4.120 120.143
547.230 4.360 121.580
547.240 4.340 123.529
547.250 4.240 135.344
549.580 4.420 126.436
549.610 4.320 129.643
549.630 3.990 140.971
549.640 4.250 124.746
549.680 4.480 129.714
549.700 3.760 129.138
549.710 4.160 133.690
549.730 3.960 128.783
549.750 3.910 131.420
549.760 3.680 141.721
549.770 3.820 136.205
549.790 3.950 136.623
549.810 4.040 127.321
549.830 4.220 137.893
549.840 4.380 143.779
549.850 4.420 144.259
549.860 3.400 123.196
549.870 3.880 125.842
549.880 3.910 142.864
549.910 3.810 123.278
549.950 4.360 122.446
549.960 3.500 123.393
549.990 4.480 134.549
550.020 3.810 131.537
550.030 4.280 130.242
550.050 3.660 137.840
550.060 4.430 121.816
550.070 3.790 139.842
550.090 4.470 123.171
550.150 3.790 130.217
550.200 3.920 129.302
550.230 3.650 127.489
550.240 3.470 135.328
550.250 3.890 127.539
550.270 3.540 147.358
550.280 4.150 137.932
550.390 3.830 126.633
550.470 3.900 139.871
550.490 3.510 138.065
550.500 4.410 124.122
550.690 3.780 148.868
550.700 3.500 120.392
550.850 4.260 138.555
550.860 3.530 127.980
550.880 4.100 128.478
550.890 3.710 131.805
550.920 4.090 126.053
550.930 3.810 121.811
551.040 4.200 125.306
551.080 4.230 123.039
551.120 3.590 125.434
551.140 4.220 123.521
551.160 3.550 124.856
551.170 4.240 130.551
551.190 4.170 140.132
551.230 3.920 126.928
551.240 3.750 141.634
551.250 4.040 123.191
551.260 3.690 141.910
551.270 4.130 123.610
551.280 4.230 125.838
551.290 3.990 131.565
551.310 4.030 122.739
551.340 4.320 124.518
551.360 3.980 125.341
551.400 3.980 121.076
551.430 3.660 134.023
551.490 4.040 136.612
551.510 4.270 124.186
551.690 3.970 137.421
551.710 3.640 142.018
551.760 3.860 133.659
551.770 3.590 121.494
551.790 3.730 129.813
551.800 3.690 139.891
551.820 3.840 132.594
551.830 3.800 141.220
551.840 4.410 123.566
551.860 4.450 130.024
551.900 4.390 137.714
551.910 4.300 133.982
551.930 3.990 131.636
551.950 3.990 153.730
551.990 4.360 125.704
552.000 4.030 120.047
552.020 4.200 136.732
552.030 4.270 126.480
552.040 4.430 127.283
552.090 4.220 135.732
552.140 4.330 121.516
552.160 4.110 139.683
552.180 3.630 127.859
552.190 3.640 139.952
552.220 3.600 132.944
552.230 4.140 133.857
552.290 4.340 135.466
552.300 4.430 121.266
552.440 3.800 144.676
552.460 3.600 124.957
552.490 4.060 147.920
552.510 4.240 131.269
552.520 4.040 132.732
552.530 3.840 127.009
552.540 4.370 131.495
552.560 3.790 135.558
552.580 3.800 128.641
552.720 3.950 136.585
552.740 4.070 129.579
552.770 4.480 136.683
552.780 4.260 129.399
552.790 4.080 135.086
552.810 4.300 126.876
552.820 4.350 131.223
552.830 3.770 132.821
552.880 4.470 129.097
552.950 3.770 126.555
552.970 3.860 133.646
552.990 4.100 132.886
553.000 4.050 122.474
553.030 4.270 135.915
553.070 4.260 120.008
553.080 4.190 151.021
553.090 3.890 134.665
553.100 4.340 129.050
553.340 4.240 138.645
553.350 3.800 130.500
553.370 4.360 134.778
553.380 3.950 137.927
553.400 4.110 130.941
553.410 3.920 131.477
553.550 3.480 135.608
553.570 3.950 135.018
553.600 4.290 132.765
553.610 3.700 123.380
553.620 3.910 129.988
553.650 3.950 124.472
553.680 4.150 132.929
553.700 4.390 129.495
553.750 4.430 121.352
553.790 4.300 123.794
553.800 4.260 126.232
553.940 3.860 120.061
553.970 3.990 121.144
554.170 4.030 122.221
554.210 4.220 129.781
554.230 4.030 123.421
554.250 4.260 123.470
554.270 4.480 132.371
554.300 4.470 120.958
554.320 4.390 120.705
554.820 4.030 132.476
554.850 4.400 137.050
554.860 3.810 139.402
554.870 4.150 126.637
554.880 4.280 134.929
554.900 4.150 121.993
554.910 4.200 136.901
554.940 3.710 124.422
555.010 4.190 133.286
555.130 3.730 124.698
555.150 4.070 135.740
555.180 3.930 124.723
555.200 3.810 138.170
555.220 4.150 127.404
555.230 3.530 124.081
555.240 4.200 139.458
555.250 4.200 123.372
555.280 4.110 133.619
555.290 3.970 123.034
555.320 3.870 140.097
555.350 4.050 141.379
555.360 3.660 143.387
555.370 3.730 126.456
555.410 4.250 121.838
555.430 3.570 126.988
555.440 3.590 132.666
555.450 4.360 132.812
555.470 3.830 135.425
555.480 4.250 126.607
555.510 4.360 138.769
555.520 3.880 150.558
555.530 4.300 130.479
555.560 3.940 141.576
555.570 4.270 130.540
555.580 3.470 124.891
555.620 3.890 120.673
555.630 4.010 138.095
555.640 3.680 138.350
555.650 4.150 127.256
555.660 3.590 138.550
555.680 4.260 121.639
555.700 3.920 121.816
555.760 4.330 130.951
555.770 4.390 140.817
555.810 3.670 132.974
555.820 4.080 140.643
555.880 4.200 133.973
555.920 4.160 134.050
555.930 3.620 123.245
556.010 4.100 133.709
556.020 3.660 139.831
556.030 4.260 130.460
556.040 4.000 126.192
556.050 3.900 131.809
556.060 4.200 143.970
556.070 3.790 122.517
556.090 3.800 129.774
556.120 4.220 138.457
556.130 4.200 137.810
556.200 4.110 133.338
556.230 3.710 142.627
556.240 4.040 143.121
556.260 4.460 138.674
556.280 4.400 132.211
556.310 3.960 133.526
556.410 3.880 124.447
556.430 3.760 128.650
556.440 4.240 159.959
556.450 4.200 130.129
556.460 4.080 132.401
556.480 4.030 145.317
556.500 4.400 142.667
556.510 4.020 139.574
556.530 4.340 134.731
556.560 3.550 147.209
556.580 4.070 134.129
556.620 3.760 127.627
556.630 4.250 139.291
556.640 3.970 128.452
556.650 3.870 136.156
556.660 3.820 130.403
556.690 3.630 129.613
556.700 3.740 133.018
556.720 3.990 139.190
556.730 3.960 126.443
556.770 3.890 121.376
557.080 3.800 147.216
557.090 3.700 143.881
557.100 4.370 125.106
557.110 4.460 128.013
557.120 3.680 134.458
557.150 4.260 122.222
557.190 3.970 141.323
557.200 4.020 127.065
557.230 3.810 128.599
557.260 4.350 126.578
557.270 4.270 134.036
557.280 4.270 133.060
557.290 3.640 128.080
557.430 4.450 127.145
655.140 3.950 129.263
655.220 4.020 134.230
655.280 4.440 128.726
655.310 3.850 123.154
655.320 3.470 135.505
655.330 4.280 129.870
655.340 4.220 133.812
655.350 4.120 125.582
655.360 4.280 133.634
655.370 4.160 130.742
655.380 4.120 129.841
655.390 3.780 140.544
655.400 4.110 128.329
655.410 4.220 140.535
655.430 3.940 150.440
655.450 3.880 137.468
655.480 4.270 125.610
655.500 4.020 134.829
655.520 3.770 146.232
655.550 4.030 132.435
655.560 4.120 129.729
655.570 3.960 129.796
655.590 4.060 136.749
655.620 4.260 130.103
655.630 4.290 123.502
655.640 4.150 130.385
655.670 3.890 137.154
655.710 4.240 121.946
655.720 3.960 132.714
655.730 4.090 129.197
655.740 3.740 133.553
655.750 4.080 146.605
655.760 4.210 131.995
655.780 3.870 134.305
655.790 4.420 132.141
655.800 4.010 139.870
655.810 4.010 125.812
655.830 3.770 124.825
655.840 4.040 132.808
655.850 3.510 130.639
655.870 4.430 133.334
655.880 3.820 135.534
655.890 3.690 133.111
655.910 3.890 143.215
655.920 3.770 130.343
655.930 3.700 139.819
655.950 3.680 120.152
655.980 4.240 131.452
656.000 4.030 130.119
656.020 3.940 134.370
656.080 3.970 133.414
656.100 4.290 124.091
656.130 3.950 139.853
656.160 4.200 127.377
656.170 4.410 125.201
656.190 3.570 150.612
656.240 4.130 135.750
656.260 4.260 128.036
656.300 3.730 128.978
656.310 4.240 120.578
656.450 3.630 127.344
656.480 3.980 129.539
656.570 4.250 127.347
656.600 4.190 129.971
656.610 4.330 136.578
656.640 4.020 132.285
656.680 4.120 125.799
656.710 4.280 128.528
656.740 4.140 147.741
656.750 4.080 140.743
656.790 3.780 125.072
656.820 3.930 126.646
656.850 4.040 135.546
656.870 4.250 154.880
656.890 3.770 135.814
656.900 3.620 140.860
657.060 4.290 120.878
657.170 3.840 132.143
657.250 3.850 133.720
657.260 3.890 125.382
657.270 3.690 147.297
657.280 4.390 128.914
657.290 3.900 128.296
657.300 4.050 129.743
657.310 4.190 130.489
657.320 3.910 134.585
657.330 4.030 139.171
657.350 4.410 126.512
657.360 4.260 142.159
657.420 4.040 136.970
657.440 4.240 143.153
657.450 4.310 129.104
657.470 4.060 126.121
657.480 3.790 127.807
657.490 3.840 122.900
657.640 4.020 129.767
657.660 3.660 136.754
657.700 4.320 122.353
659.790 4.490 134.793
659.810 3.940 128.851
659.840 4.460 128.597
659.870 4.270 135.144
659.880 3.750 131.245
659.890 4.010 140.022
659.900 4.140 121.161
659.910 4.480 124.640
659.920 4.260 130.378
659.950 3.890 130.803
659.990 3.640 132.673
660.000 3.740 138.345
660.020 4.490 129.996
660.080 3.970 123.166
660.090 3.750 139.988
660.120 4.170 127.132
660.130 3.760 136.719
660.140 3.910 143.012
660.160 3.520 142.178
660.180 4.380 125.746
660.210 3.480 135.757
660.220 3.700 141.380
660.230 4.110 121.244
660.250 3.950 130.335
660.260 4.130 132.392
660.280 4.060 133.463
660.290 3.830 124.554
660.300 4.260 128.844
660.310 4.320 121.102
660.340 4.330 139.499
660.370 4.070 128.671
660.390 4.250 136.205
660.440 4.270 127.687
660.470 3.740 122.040
660.500 3.710 123.170
660.550 4.020 131.060
660.600 3.980 121.455
660.650 4.050 125.035
660.900 4.370 133.451
660.910 4.230 122.124
660.920 3.930 120.857
660.940 4.160 129.074
660.960 4.350 148.059
660.970 3.750 129.076
660.980 4.110 121.137
661.030 3.670 122.914
661.040 4.480 135.549
661.050 4.100 124.054
661.060 3.370 126.951
661.100 3.770 135.782
661.120 3.860 128.510
661.170 4.020 145.739
661.180 3.700 130.754
661.200 3.840 131.433
661.220 3.710 123.161
661.260 3.740 137.433
666.850 3.940 138.123
666.860 4.200 120.925
666.870 4.320 132.045
667.230 4.370 125.292
667.320 4.410 123.022
667.350 4.470 158.932
667.530 4.140 120.670
667.750 4.370 121.905
667.890 4.430 151.743
668.020 4.220 145.521
668.270 4.150 127.364
668.790 4.280 139.857
668.800 3.950 120.290
668.810 3.710 131.679
668.880 4.270 128.754
668.890 4.040 126.273
668.900 3.850 122.001
668.920 4.000 126.793
668.930 3.660 125.371
668.960 4.130 132.797
669.040 3.700 123.378
669.060 4.110 133.902
669.140 4.070 142.518
669.470 4.410 147.393
669.830 4.410 122.284
669.940 4.380 122.588
675.560 4.460 129.585
679.560 4.350 126.326
679.740 4.400 131.286
681.320 4.020 125.396
681.390 4.470 138.878
681.400 4.270 129.225
681.670 4.110 120.713
682.030 3.850 140.341
682.040 4.470 155.527
682.280 3.400 122.738
683.670 4.440 129.044
687.690 3.970 130.353
687.830 4.430 128.983
688.170 4.170 127.885
688.200 3.680 124.367
688.230 3.990 145.804
688.260 4.200 124.812
688.280 3.860 133.317
688.350 4.160 122.623
688.360 4.490 120.508
688.370 4.060 128.343
688.400 3.470 143.906
688.440 4.160 126.270
688.460 3.590 140.549
688.550 3.990 125.096
688.570 3.750 129.741
688.600 4.480 126.872
688.640 3.750 130.840
688.650 3.820 126.265
688.670 4.240 129.677
688.700 3.820 125.426
688.720 3.960 136.798
688.740 4.360 124.529
688.780 3.990 153.515
688.790 4.260 125.707
688.820 4.380 149.949
688.840 4.020 121.951
688.850 3.990 125.825
688.900 4.420 145.122
688.930 4.080 131.933
689.030 4.480 154.627
689.040 4.260 130.328
689.060 3.760 142.748
689.160 4.170 124.801
689.220 3.820 125.545
