# time(ns) distance (A) angle (deg)
5.880 4.380 130.803
6.920 4.340 148.914
6.930 4.080 161.336
6.940 4.470 134.246
6.950 4.130 147.335
6.970 4.480 172.189
6.980 4.360 153.135
7.010 3.970 154.119
7.020 4.020 146.365
7.030 4.290 172.914
7.050 4.400 125.465
7.080 4.450 145.467
7.090 4.030 148.472
7.120 4.100 147.092
7.170 4.230 141.589
7.190 4.410 156.180
7.210 3.940 161.073
7.220 4.300 168.067
7.240 4.080 140.475
7.270 4.410 158.068
7.280 4.130 153.367
7.310 4.480 148.063
7.320 4.300 164.560
7.350 4.270 134.215
7.360 4.260 128.172
7.370 4.260 159.906
7.380 4.230 140.224
7.390 4.290 164.633
7.400 4.320 135.474
7.410 4.330 143.475
7.470 4.300 139.392
7.490 4.240 145.507
7.500 4.360 147.045
7.510 4.430 136.454
7.520 4.240 131.891
7.530 4.330 155.440
7.550 4.270 127.240
7.560 3.970 161.945
7.580 4.200 166.127
7.590 4.160 155.975
7.600 4.290 143.178
7.610 4.280 141.378
7.620 4.140 133.120
7.640 4.120 126.328
7.660 4.490 123.243
7.670 4.030 148.409
7.760 4.320 135.514
7.850 4.390 147.770
8.080 4.220 151.316
21.150 4.220 139.840
21.170 4.440 130.655
21.290 4.010 170.814
21.300 4.400 172.582
21.320 3.760 161.620
21.330 4.250 172.121
21.340 3.940 167.421
21.350 3.680 162.697
21.360 3.920 148.804
21.370 4.330 168.788
21.380 4.170 175.119
21.390 4.140 165.108
21.400 3.920 159.431
21.420 3.810 126.067
21.440 4.270 149.996
21.450 3.960 142.109
21.460 4.050 173.658
21.490 4.220 143.580
21.650 4.270 143.975
21.660 4.370 136.550
21.710 4.340 151.951
21.770 3.850 144.490
21.780 4.070 154.088
21.840 4.460 141.762
21.870 4.280 169.167
26.430 4.340 161.167
26.480 4.490 162.277
26.490 4.410 161.088
26.500 4.400 140.323
26.520 4.330 153.040
26.540 4.240 150.208
26.560 4.380 132.141
26.570 4.310 149.758
26.580 4.390 155.890
72.840 4.160 152.440
72.910 4.400 175.122
72.970 4.280 172.438
72.980 4.070 156.671
73.020 4.480 139.852
73.030 4.130 121.195
73.700 4.390 149.366
73.710 3.920 148.744
73.730 4.270 154.125
73.740 4.460 134.465
73.750 4.290 167.278
73.760 4.350 146.999
73.780 4.340 127.430
73.790 4.100 146.639
73.800 4.430 170.906
73.810 3.910 148.435
73.820 4.330 159.633
73.860 4.270 135.831
73.870 4.180 145.284
73.880 4.200 135.647
73.910 4.160 145.547
73.920 4.370 135.100
74.070 3.740 150.392
74.080 4.040 150.474
74.190 4.130 157.902
74.220 4.310 130.921
74.230 4.310 145.124
74.350 3.750 158.246
74.360 4.260 158.228
74.380 4.130 139.668
74.400 4.150 157.765
116.610 4.420 136.205
116.620 3.630 150.228
116.630 4.360 156.270
116.680 4.410 160.647
116.700 4.230 143.303
116.710 4.420 129.042
116.720 4.000 140.071
116.730 4.180 130.139
116.740 3.980 162.398
116.750 4.140 158.779
116.760 4.260 149.062
116.770 4.400 129.753
116.780 4.060 151.628
116.790 3.980 168.712
116.800 4.450 126.734
116.840 4.340 166.202
116.850 4.320 170.892
116.930 4.120 131.316
118.570 4.440 176.625
124.730 4.330 132.427
124.740 4.050 136.620
124.750 4.240 138.726
124.760 4.330 135.326
124.770 4.480 139.704
124.780 4.060 138.918
124.790 4.240 168.428
124.800 4.410 153.029
124.810 3.970 165.836
124.820 4.030 145.422
124.830 4.050 144.099
124.850 4.230 139.556
124.860 4.190 122.036
124.870 3.890 143.163
124.880 4.420 120.345
124.890 4.280 139.562
124.930 4.400 147.990
124.950 4.470 131.050
124.980 4.440 149.418
124.990 4.210 148.685
125.000 3.930 136.479
125.040 4.190 147.736
125.080 4.330 133.900
131.150 4.490 140.890
131.250 4.240 133.775
131.260 4.320 145.939
131.270 4.350 141.168
131.300 4.170 138.025
131.320 4.410 137.829
131.330 4.000 153.520
131.340 4.440 140.513
131.350 4.340 127.818
131.400 4.020 143.812
131.410 4.440 161.867
131.420 4.430 167.995
131.430 4.060 154.898
131.440 4.150 147.759
131.480 4.210 138.596
131.490 4.200 147.455
131.500 4.240 157.796
131.530 4.170 155.899
131.560 3.980 169.955
131.570 3.890 169.934
131.590 3.580 129.722
131.620 4.100 154.689
131.630 4.060 155.883
131.640 4.030 174.725
131.650 3.940 142.390
131.670 4.080 157.372
131.690 4.090 167.318
131.730 4.490 163.091
131.740 4.480 161.262
131.750 4.210 175.768
131.760 4.450 143.519
131.770 4.320 136.978
131.780 4.200 163.548
136.870 4.460 146.268
136.880 4.200 166.113
136.890 3.730 146.237
136.900 4.190 144.595
137.000 4.260 145.443
137.010 4.210 149.266
137.020 4.120 153.442
137.030 4.480 152.379
137.050 4.200 155.342
137.060 4.100 150.830
137.070 4.170 152.032
137.080 4.290 161.328
137.090 4.340 130.718
137.110 4.360 131.472
137.140 4.430 149.159
137.150 4.110 129.721
142.620 4.350 154.242
142.670 4.140 142.872
142.680 4.330 136.950
162.560 4.440 160.603
162.610 3.910 129.022
162.630 4.130 151.390
162.670 4.080 126.581
162.700 4.440 121.651
162.940 4.270 141.663
162.950 4.350 133.397
163.030 4.260 135.873
163.040 4.140 139.746
163.080 4.380 137.631
163.090 4.290 169.477
163.180 4.390 150.730
163.220 4.460 151.057
163.230 4.230 138.230
163.250 3.870 143.160
163.260 4.330 146.222
163.400 4.310 170.769
225.270 4.470 128.859
225.280 4.470 136.651
235.100 4.280 147.794
235.110 4.450 121.214
244.290 4.280 158.588
244.300 4.490 144.470
245.700 3.990 140.821
245.830 4.410 127.119
245.880 4.400 128.656
246.210 4.490 134.026
251.200 4.470 145.664
251.340 4.320 147.282
251.380 4.300 150.632
251.420 4.320 147.081
251.440 4.220 144.644
251.570 4.200 129.451
251.590 4.330 154.463
251.600 4.140 148.100
251.610 4.470 149.256
251.650 4.380 140.030
251.660 4.400 133.640
251.770 4.240 137.957
251.780 4.170 142.590
251.800 4.480 140.585
251.820 4.310 131.421
251.830 4.310 130.294
251.900 4.310 149.459
252.030 4.420 135.971
252.040 4.420 121.972
252.270 3.960 122.782
252.700 4.300 149.324
252.710 3.990 157.504
252.720 4.290 143.615
252.750 4.430 157.787
255.140 4.200 138.280
255.180 4.370 127.812
255.240 4.130 140.691
255.260 4.420 167.101
255.290 3.980 142.664
255.310 4.090 145.436
256.050 4.110 136.234
256.110 4.000 131.249
256.280 4.490 165.802
256.380 4.150 123.266
256.460 4.300 152.878
256.480 4.120 151.796
256.500 4.310 161.588
256.520 4.400 158.416
256.530 4.350 154.006
256.640 4.080 162.180
256.660 3.920 140.200
256.670 3.950 146.779
256.680 4.400 142.368
256.710 4.350 164.225
256.720 4.350 156.929
257.180 4.220 148.850
257.200 4.420 155.620
257.240 4.230 132.623
257.260 4.130 139.056
257.270 4.400 151.016
257.830 4.290 151.618
257.840 4.110 144.394
257.930 4.070 123.534
258.330 3.940 143.414
258.350 4.490 134.190
258.370 4.010 153.916
258.390 3.870 153.330
258.400 4.300 150.962
258.410 4.230 142.509
258.440 4.370 128.736
258.480 4.350 168.858
258.500 4.440 169.113
258.520 4.310 158.483
258.590 4.210 160.266
258.770 4.180 140.036
258.780 4.120 141.105
258.790 4.030 163.046
258.800 3.960 160.080
258.820 3.900 124.123
259.470 4.420 138.818
259.490 4.390 133.709
259.510 4.160 133.679
259.530 4.160 131.760
259.550 4.270 146.987
259.580 4.420 138.029
259.590 4.470 139.051
259.900 4.410 154.326
259.910 4.330 156.912
260.040 4.300 135.661
260.640 4.480 152.934
260.950 4.480 150.532
261.010 4.290 175.081
261.060 4.390 154.543
261.120 4.120 133.900
261.130 4.200 146.965
261.160 4.270 170.309
261.240 4.280 154.889
261.410 4.040 163.368
261.440 4.190 162.942
261.450 4.370 158.827
261.510 4.370 156.303
261.530 4.280 135.576
261.540 4.160 127.387
261.570 4.460 159.495
261.600 4.000 165.941
261.620 4.490 126.732
261.630 4.410 141.392
261.690 4.360 175.139
261.720 4.160 157.572
261.730 4.220 146.287
261.800 4.460 147.062
261.840 4.320 145.590
261.930 4.230 136.366
261.940 4.090 149.238
261.950 4.100 147.270
261.960 4.460 170.601
261.980 4.210 158.089
262.230 4.380 154.442
262.310 4.420 153.300
262.320 4.320 160.914
262.330 4.290 158.989
262.360 3.980 139.394
262.600 4.410 158.403
262.610 4.300 155.622
262.630 4.110 152.195
262.690 4.240 172.904
262.700 4.450 163.635
262.720 4.100 136.714
262.760 4.480 170.369
262.770 4.240 161.690
262.790 4.440 124.489
262.850 4.220 124.540
262.870 4.410 154.695
262.880 3.880 153.376
262.970 3.990 152.600
262.980 4.290 153.141
263.070 4.180 155.370
263.090 4.390 160.223
263.100 4.130 165.326
263.110 3.950 132.778
263.120 3.930 164.953
263.410 4.210 144.596
263.800 4.440 144.674
263.960 4.120 161.947
264.010 4.420 147.173
264.020 4.020 173.505
264.280 4.360 157.835
264.730 4.340 161.536
264.830 3.960 126.075
265.000 4.360 145.311
265.040 4.370 155.934
265.050 4.290 161.854
265.070 4.440 146.342
265.090 4.460 154.804
265.130 4.410 143.990
265.210 4.250 161.502
265.230 4.250 151.228
265.280 4.170 165.534
265.460 4.040 138.667
265.580 4.320 122.807
265.600 4.320 140.762
265.610 4.320 134.595
265.630 4.450 147.082
265.670 4.170 120.495
265.680 3.910 144.366
265.690 4.380 148.186
265.700 4.210 131.684
266.080 4.460 125.067
266.210 4.450 133.844
266.380 4.380 159.214
266.410 4.160 124.495
266.420 4.250 132.921
266.450 4.140 158.180
266.460 4.310 137.989
266.790 4.270 135.559
266.810 3.990 123.123
266.870 4.300 123.358
267.030 4.460 144.620
267.060 4.450 137.384
267.150 4.240 120.831
267.170 4.300 128.664
267.180 4.100 122.318
267.340 4.190 130.906
267.970 4.490 146.991
268.080 4.490 147.551
268.090 4.180 137.798
268.620 4.170 161.220
268.640 4.420 160.578
268.790 4.400 136.591
269.180 4.210 153.035
270.650 4.210 157.425
270.700 4.220 147.013
271.180 4.360 125.588
271.200 3.890 154.914
271.210 3.930 144.255
271.220 4.090 136.465
271.230 4.190 172.115
271.340 4.470 133.952
271.370 4.330 161.634
271.390 4.070 150.327
271.400 4.220 146.633
271.410 4.230 147.753
271.430 4.180 133.671
271.440 4.170 151.928
271.450 4.130 151.264
271.460 4.480 172.372
271.480 4.430 163.277
271.490 4.140 151.166
271.500 4.260 136.075
271.510 4.160 150.884
271.520 4.220 152.500
271.550 4.230 140.898
271.560 4.010 125.157
271.570 4.280 169.607
271.580 4.420 144.261
271.590 4.360 168.754
271.600 4.450 145.244
271.610 4.430 159.615
271.870 4.410 160.917
271.970 4.300 165.539
272.070 4.110 156.357
272.080 4.400 154.679
272.110 4.340 150.485
272.160 4.430 162.098
272.200 4.300 164.607
272.210 4.400 147.279
272.230 4.190 133.023
272.240 3.970 157.755
272.270 4.270 159.305
272.300 4.360 129.059
272.310 4.480 138.959
272.340 4.480 156.812
272.350 4.260 125.626
272.390 4.340 143.493
272.400 4.370 156.877
272.420 4.160 160.898
272.490 4.190 134.300
272.570 4.100 144.814
272.590 4.410 172.248
272.600 4.210 133.642
272.640 4.280 146.015
272.660 4.370 122.312
272.670 4.470 157.443
272.690 4.310 150.956
272.760 3.960 151.899
272.800 4.410 154.251
273.040 4.480 138.192
273.520 4.220 149.319
273.530 3.940 123.652
273.540 4.120 120.166
273.550 4.460 146.188
273.600 4.370 165.964
273.620 3.950 136.588
273.640 4.010 126.268
273.680 4.420 155.096
273.720 4.360 147.862
273.820 4.480 122.264
274.120 4.170 139.508
274.140 4.330 137.685
274.150 4.350 162.163
274.160 4.420 159.886
274.180 4.200 141.070
274.220 4.070 171.768
274.260 4.290 163.050
274.270 4.420 157.504
274.290 4.450 130.479
274.340 4.350 130.368
274.350 4.380 144.882
274.370 4.320 124.342
274.380 4.390 147.255
274.390 4.450 129.856
274.410 4.160 126.831
274.440 4.350 135.758
274.450 4.290 162.380
274.520 4.260 133.889
274.570 4.200 129.789
274.600 4.490 134.789
274.610 4.460 126.786
274.620 4.160 142.231
274.630 4.260 134.391
274.640 4.280 138.696
274.650 4.000 162.913
274.660 4.380 138.240
274.670 4.490 144.372
274.690 4.430 136.262
274.710 4.110 129.687
274.830 4.470 131.402
274.860 4.410 135.910
275.340 4.370 133.328
275.360 4.410 154.230
275.380 4.100 148.081
275.400 4.350 141.295
275.590 4.090 141.378
275.600 3.950 154.614
275.630 4.460 137.906
275.920 4.480 147.726
276.030 4.440 167.751
276.170 4.450 154.540
276.250 4.430 140.145
276.270 4.490 139.060
276.280 4.170 125.982
276.300 4.480 137.477
276.310 4.470 137.269
276.830 4.370 133.911
276.840 4.100 122.455
276.860 4.260 128.032
276.870 4.240 161.684
276.890 4.260 131.770
276.920 4.270 143.200
276.960 4.320 142.997
276.970 4.470 133.048
277.140 4.040 131.197
277.510 4.490 143.360
278.000 4.390 121.939
278.070 4.300 149.496
278.260 4.270 120.618
278.440 4.220 121.453
278.490 4.370 121.123
278.510 4.340 122.269
278.550 4.370 137.821
278.570 4.310 130.479
278.590 4.470 145.430
278.610 4.410 130.555
278.790 4.270 128.619
278.860 4.230 140.142
278.870 4.180 155.950
278.880 4.390 173.551
278.940 4.190 128.831
278.950 4.010 125.843
278.990 4.470 125.724
279.120 4.480 130.250
279.130 3.800 121.513
279.180 3.960 142.892
279.200 4.060 128.823
279.220 4.240 123.703
279.270 4.200 133.269
279.290 4.370 142.581
279.530 4.140 130.053
279.660 4.090 121.674
279.730 4.340 125.350
285.210 4.190 156.374
285.280 4.420 155.259
285.290 4.360 171.022
285.300 4.220 124.351
285.430 4.450 146.491
285.460 4.480 150.161
285.500 4.330 156.350
285.520 4.250 156.424
285.530 4.400 149.297
285.550 4.460 152.335
285.570 4.380 133.879
285.620 4.450 141.621
285.630 4.180 151.630
285.650 3.950 130.427
285.870 4.460 158.955
286.000 4.460 145.030
286.160 4.490 169.528
286.170 4.210 161.791
286.200 4.350 160.755
286.210 4.370 172.556
286.400 4.360 157.066
286.410 4.470 151.821
286.540 4.210 123.830
286.550 4.410 162.165
286.600 4.270 150.639
286.680 4.330 152.339
286.720 4.430 140.481
286.760 4.370 145.607
286.770 4.330 154.617
286.780 4.320 153.514
286.850 4.460 140.042
287.150 4.340 128.454
287.230 4.490 125.617
287.240 4.460 123.489
287.410 4.090 127.754
287.510 4.400 165.291
287.550 4.450 154.521
287.580 4.170 136.782
287.850 4.310 147.208
287.880 4.140 146.641
287.960 4.130 122.936
287.970 3.790 147.430
287.980 3.930 128.295
287.990 4.110 150.618
288.000 4.490 159.117
288.060 4.320 168.344
288.070 4.350 159.964
288.080 4.480 173.976
288.090 4.180 143.928
288.100 4.130 166.371
288.130 4.470 153.814
288.410 4.150 161.660
288.470 4.340 157.981
288.480 4.080 135.145
288.490 4.230 131.028
288.820 4.230 137.053
288.830 4.440 128.605
288.890 4.170 134.057
288.900 4.400 139.738
288.910 4.440 155.382
289.080 4.390 159.772
289.100 4.260 156.058
289.110 4.410 152.883
289.130 4.470 154.188
289.170 4.370 165.410
289.240 4.450 150.414
289.270 4.470 156.514
289.300 4.370 164.216
289.310 4.170 126.364
289.320 4.290 142.921
289.330 4.280 158.580
289.340 4.360 151.509
289.350 4.080 157.196
289.360 4.440 154.231
289.540 4.250 151.760
289.710 4.130 155.300
289.730 4.450 143.870
289.850 4.260 162.592
289.930 4.270 139.112
290.130 4.400 148.450
290.380 4.430 153.475
290.440 4.470 157.863
290.570 4.310 152.586
290.610 4.260 127.474
290.620 4.290 160.402
290.650 4.210 125.811
290.660 4.200 151.280
290.690 4.300 121.792
290.720 4.330 149.433
290.760 4.490 152.882
290.820 4.470 158.956
290.840 4.370 145.739
290.880 4.290 133.623
290.950 4.440 171.925
291.050 4.360 145.325
291.090 4.370 168.297
291.720 4.450 129.393
292.440 4.180 156.278
292.450 4.070 147.201
292.460 4.160 168.941
292.530 3.870 133.344
292.550 4.280 146.594
292.640 4.480 170.678
292.730 4.430 131.460
292.790 4.480 149.475
292.870 4.420 148.379
292.880 4.490 158.097
292.920 4.450 147.352
292.980 4.250 149.110
292.990 4.260 160.472
293.020 4.340 162.860
293.090 4.450 157.204
293.100 4.150 160.306
293.110 4.240 165.605
293.150 4.480 144.083
293.160 4.030 171.416
293.180 4.300 156.384
293.190 4.220 131.274
293.200 4.310 159.657
293.370 4.430 163.480
293.380 4.280 146.363
293.410 4.430 145.638
293.450 4.420 137.991
293.510 4.320 142.749
293.530 4.380 158.384
293.570 4.320 161.245
293.640 4.280 153.052
293.890 4.400 153.924
293.960 4.350 144.919
294.140 4.330 165.037
294.170 4.400 147.979
294.210 4.430 146.637
294.320 4.400 139.888
294.380 4.370 159.196
294.400 4.000 131.710
294.410 4.470 175.771
294.480 4.110 122.277
294.490 4.480 161.627
294.500 4.430 159.870
294.510 4.270 157.605
294.520 4.190 144.300
294.540 4.300 170.882
294.690 4.480 172.762
294.720 4.200 128.740
294.760 4.490 173.229
294.780 4.000 147.199
294.790 4.080 147.709
294.800 4.260 137.420
294.810 4.410 157.177
294.930 4.340 166.285
294.940 4.110 137.165
295.080 4.290 161.328
295.110 4.270 161.172
295.130 4.190 160.760
295.150 3.860 150.036
295.160 4.410 151.999
295.320 4.480 139.917
295.480 4.430 127.948
295.850 4.430 164.826
295.860 4.350 162.380
295.880 4.080 147.955
295.990 4.470 154.019
296.270 4.090 132.301
296.290 4.470 120.098
296.350 4.350 130.381
296.660 4.350 132.292
296.930 4.400 129.358
297.430 4.320 122.814
297.530 4.470 125.542
297.750 4.170 132.631
298.100 4.360 139.823
298.280 4.450 124.074
298.920 4.460 125.126
299.120 3.730 125.923
299.130 4.000 125.626
299.140 4.160 125.288
299.150 3.670 132.242
299.490 3.920 127.672
299.640 4.330 149.704
299.650 4.090 151.581
299.670 4.380 144.303
299.680 4.390 150.399
299.690 4.030 157.653
299.730 4.140 141.135
299.740 4.270 147.903
299.750 4.060 162.962
299.840 4.110 153.924
299.850 4.270 156.022
299.880 4.110 158.597
299.900 4.150 164.445
299.920 4.190 158.196
299.950 4.210 148.315
299.960 4.160 143.530
304.110 4.290 148.186
304.450 4.310 153.286
304.480 3.990 139.404
304.490 4.210 134.326
304.500 4.350 145.822
304.570 4.060 123.025
304.600 4.430 140.884
304.630 3.720 148.151
304.680 3.910 146.941
304.690 4.150 162.465
304.700 4.060 136.576
304.710 3.940 125.135
304.720 4.020 143.254
304.760 4.350 131.375
304.770 4.270 148.249
304.780 4.400 142.467
304.790 4.100 138.967
304.800 4.080 149.283
304.810 4.310 145.605
304.820 4.340 153.773
304.830 3.890 151.791
304.850 4.000 132.188
305.060 3.840 134.229
305.070 4.490 163.681
305.080 4.390 151.532
305.090 4.360 159.186
305.120 4.010 149.818
305.390 4.230 146.184
305.430 4.230 127.072
305.440 4.430 164.299
305.450 4.210 126.190
305.460 4.420 161.038
305.490 4.060 146.528
305.510 4.480 145.060
305.600 4.470 159.724
305.620 4.470 153.034
305.780 4.450 155.754
305.790 4.210 137.458
305.820 4.400 146.277
305.830 4.170 170.601
305.840 4.420 132.426
305.850 4.100 138.529
305.860 4.250 147.736
305.870 4.470 151.259
305.880 4.250 151.604
305.900 3.790 134.260
305.910 4.460 147.604
305.920 4.210 157.977
305.930 4.350 150.235
305.940 4.350 165.065
305.950 4.300 142.696
306.010 4.380 135.606
306.020 3.830 138.691
306.030 4.230 161.890
306.210 4.320 130.402
306.340 4.160 167.631
306.350 4.190 135.631
306.390 4.150 153.351
306.400 4.130 164.136
306.440 4.360 153.256
306.760 4.450 121.708
306.820 4.410 137.774
307.530 4.140 120.621
307.540 4.480 159.982
307.550 4.240 156.177
307.630 3.910 140.728
307.690 4.450 149.666
307.830 4.380 153.935
307.870 4.360 131.974
307.900 4.280 130.978
307.920 4.250 150.623
307.940 4.360 139.072
308.020 4.490 128.845
308.100 4.430 142.654
308.260 4.460 134.758
308.330 4.170 143.633
308.350 4.450 155.346
308.380 4.470 146.853
308.400 4.370 131.448
308.540 4.360 143.292
308.550 4.450 127.297
308.580 4.350 124.803
308.620 4.390 148.911
308.660 4.420 120.753
308.670 4.180 126.918
308.700 4.470 130.117
308.710 4.380 132.025
308.800 4.340 148.315
308.890 4.430 156.821
309.140 3.990 130.416
314.010 4.400 152.611
314.800 4.170 150.542
314.820 4.370 140.234
314.850 4.290 133.864
314.930 4.060 146.921
314.940 4.480 135.796
314.970 4.250 136.973
314.980 4.340 129.525
315.010 4.290 147.985
315.070 4.450 148.393
315.080 4.370 146.850
315.090 4.470 156.481
315.100 4.350 131.260
315.380 4.350 137.493
315.680 4.180 122.629
315.720 4.360 147.543
315.730 4.390 164.068
315.840 4.090 146.553
315.870 4.040 150.318
315.880 4.180 155.817
315.960 4.080 140.662
316.010 4.310 157.891
316.020 4.090 136.374
316.030 4.140 150.055
316.050 4.360 135.769
316.090 4.370 151.964
316.100 4.300 143.775
316.110 3.920 151.409
316.120 4.040 167.154
316.160 4.470 154.956
316.230 4.490 164.440
316.250 4.050 121.196
316.260 4.390 166.699
316.490 4.470 146.054
316.530 4.020 152.394
316.570 4.210 140.598
316.580 4.210 148.403
316.620 4.210 131.665
316.640 4.310 163.300
316.690 4.440 144.632
316.700 4.430 162.838
316.710 4.480 134.707
316.720 4.450 142.485
316.730 4.310 141.273
316.880 3.960 155.048
316.890 3.970 160.123
316.900 3.880 145.969
316.910 4.170 150.994
316.920 3.980 136.846
316.930 4.470 169.860
316.970 4.460 148.143
317.080 4.450 166.199
317.160 4.310 147.061
317.240 4.480 176.846
317.250 4.420 155.181
317.260 4.480 157.737
317.270 4.100 140.526
317.280 4.180 129.141
317.320 4.260 148.183
317.340 4.450 163.716
317.370 4.320 162.697
317.380 4.420 165.618
317.400 4.040 160.190
317.440 4.480 156.702
317.500 4.290 126.368
317.570 4.370 144.202
317.610 4.480 154.343
317.620 4.440 148.511
317.720 4.490 164.939
317.790 4.050 151.560
317.900 4.370 154.007
317.980 4.320 161.630
317.990 4.400 159.722
318.010 4.320 163.911
318.060 4.440 148.957
318.100 4.390 147.753
318.120 4.490 134.108
318.130 4.100 126.693
318.170 4.280 133.534
318.180 3.950 145.008
318.190 4.040 141.913
318.210 3.920 122.692
318.230 4.110 121.958
318.290 4.170 132.838
318.300 4.070 120.383
318.350 4.410 120.116
318.380 4.250 154.858
318.400 4.070 123.004
318.410 4.370 140.155
318.490 4.100 143.766
318.550 4.370 136.492
318.580 4.290 154.660
318.590 4.190 142.882
318.610 4.320 148.200
318.620 4.430 159.964
318.630 4.150 134.311
318.650 4.370 136.659
318.660 4.260 148.143
318.670 4.420 168.841
318.680 3.780 134.482
318.690 3.970 141.964
318.700 4.310 160.075
318.710 4.490 157.730
318.730 4.230 136.387
318.740 4.180 151.330
318.760 4.380 140.159
318.790 4.450 122.832
318.810 4.450 149.154
318.820 4.350 140.523
318.830 4.250 147.961
319.110 4.480 156.852
319.150 4.450 150.701
319.170 4.310 171.533
319.210 4.340 165.035
319.230 4.370 152.515
319.320 4.200 138.911
319.350 4.260 154.053
319.360 4.470 148.661
319.380 4.130 134.781
319.540 4.480 132.322
319.590 4.380 152.720
319.600 4.040 153.729
320.040 4.330 139.512
320.080 4.460 142.551
320.200 4.420 166.514
320.320 4.380 128.873
320.360 4.100 122.934
320.420 4.110 151.435
320.430 4.380 133.584
320.440 4.050 161.855
320.460 4.330 164.097
320.590 4.470 156.534
320.950 4.460 165.017
321.150 4.450 147.055
321.180 4.220 162.607
321.210 3.830 135.240
321.220 4.400 166.651
321.240 4.320 148.433
321.260 4.110 140.958
321.270 4.360 138.782
321.330 4.080 149.686
321.400 4.290 168.531
321.680 4.350 142.467
321.800 4.150 130.662
321.840 4.460 122.250
321.950 4.230 150.295
321.960 3.750 148.972
321.980 4.260 157.464
321.990 4.130 159.550
322.000 3.870 140.813
322.020 4.410 142.962
322.030 4.440 154.352
322.040 4.310 135.377
322.060 4.310 158.298
322.120 4.430 131.610
322.270 4.310 164.212
322.390 4.370 157.122
322.410 4.430 147.617
322.530 4.340 138.751
322.540 4.020 136.821
322.560 4.320 151.896
322.670 4.180 148.217
322.680 3.740 137.997
322.690 4.470 152.116
322.700 4.210 153.792
322.710 4.410 146.827
322.760 4.440 125.004
322.790 4.340 126.698
322.800 4.490 146.569
322.810 4.090 154.094
322.820 4.080 168.273
322.830 3.690 143.673
322.900 3.990 142.379
322.980 4.370 144.110
323.000 4.130 163.071
323.010 4.250 160.022
323.020 4.050 149.871
323.030 4.400 146.786
323.040 4.100 123.530
323.060 4.160 134.915
323.070 4.310 147.425
323.240 4.220 162.863
323.250 4.450 175.556
323.260 4.160 156.375
323.330 3.900 146.108
323.340 4.490 172.082
323.350 4.260 132.130
323.360 4.400 137.844
323.440 4.200 132.592
323.770 4.290 141.675
323.780 4.220 157.672
323.790 4.230 138.757
323.880 4.290 148.247
323.910 4.420 122.147
324.030 4.440 166.478
324.040 4.140 158.508
324.060 3.950 167.196
324.130 3.940 147.744
324.230 4.390 173.729
324.250 4.380 144.918
324.260 4.430 134.341
324.280 4.410 150.881
324.310 4.120 160.803
324.320 4.220 161.840
324.390 3.870 135.890
324.410 4.460 157.881
324.440 4.460 163.284
324.460 4.190 128.747
324.500 4.410 166.785
324.560 4.350 163.238
324.580 4.400 157.225
324.640 4.470 167.755
324.670 4.430 166.207
324.680 4.010 163.405
324.690 4.190 160.199
324.770 4.430 162.777
324.780 4.280 166.209
324.800 4.400 160.977
324.850 4.400 138.717
324.910 4.040 132.913
324.930 4.010 141.588
324.960 4.290 129.815
324.970 4.330 157.426
324.980 4.110 123.275
325.370 4.140 129.045
325.400 4.310 137.709
325.420 4.260 147.209
325.540 4.260 124.801
325.560 4.460 161.474
325.660 4.220 134.877
325.670 4.180 144.535
325.690 4.210 156.755
325.840 4.150 122.506
325.930 4.480 144.581
326.050 3.920 132.127
326.070 4.420 133.471
326.080 4.130 150.546
326.110 4.200 125.266
326.170 4.460 136.420
326.210 4.170 145.503
326.220 4.290 138.299
326.240 4.370 133.232
326.280 4.230 138.610
326.310 4.250 137.373
326.340 4.250 122.780
326.440 4.420 135.051
326.490 4.450 159.528
326.500 4.390 123.961
326.510 4.440 133.085
326.540 3.820 134.878
326.550 4.400 158.791
326.580 4.490 149.225
326.610 4.330 154.571
326.640 4.080 146.514
326.660 4.200 133.513
326.680 4.180 137.044
326.690 4.030 127.282
327.020 4.150 149.803
327.170 4.070 151.311
327.210 4.200 143.321
327.230 4.290 149.487
327.250 4.270 164.596
327.260 4.410 145.192
327.290 4.410 149.910
327.320 4.390 134.394
327.330 4.180 129.171
327.350 3.960 132.921
327.490 3.930 124.892
327.500 4.460 130.637
327.510 4.290 139.504
327.530 3.970 138.657
327.550 4.280 164.045
327.560 3.970 122.404
327.570 3.950 120.708
327.590 4.200 172.361
327.600 4.190 137.435
327.650 4.280 160.077
327.660 4.410 169.588
327.670 4.270 147.598
327.770 4.290 142.631
327.780 4.340 148.312
327.800 4.360 161.750
327.810 4.060 137.908
327.820 4.450 151.015
327.840 4.180 152.728
327.850 4.170 132.442
327.880 4.270 147.912
327.890 4.210 176.225
327.900 4.230 140.787
328.180 3.920 146.908
328.510 4.080 157.313
328.540 4.020 146.013
328.650 4.470 160.479
328.660 4.300 163.417
328.670 4.380 149.456
328.780 3.840 147.303
328.790 4.440 171.320
328.800 4.430 172.028
328.810 4.010 143.017
328.830 4.280 151.182
328.860 4.250 169.764
328.870 4.340 157.721
328.950 4.420 166.925
329.000 4.480 159.146
329.020 4.330 150.845
329.030 4.240 142.796
329.050 4.480 148.423
329.060 4.240 163.324
329.080 4.340 162.193
329.100 4.130 141.578
329.110 4.230 150.099
329.140 4.350 155.373
329.150 4.360 163.819
329.170 4.480 170.867
329.200 4.000 171.099
329.210 4.420 150.335
329.230 4.160 148.571
329.240 4.000 149.238
329.250 4.200 171.764
329.300 4.300 164.141
329.310 4.440 146.867
329.370 4.090 166.099
329.390 4.440 155.426
329.410 4.050 156.277
329.420 4.380 161.721
329.430 4.370 136.262
329.440 4.070 156.983
329.450 4.320 170.296
329.460 4.090 146.291
329.500 4.480 166.114
329.550 4.290 150.421
329.600 4.330 159.152
329.730 4.110 125.922
329.870 4.160 145.790
330.040 4.440 163.587
330.170 4.430 158.743
330.210 4.050 149.139
330.250 4.460 165.504
330.610 4.230 136.740
330.620 3.690 158.348
330.630 4.050 130.226
330.640 4.260 142.449
330.650 4.040 133.431
330.660 4.460 159.949
330.670 3.850 145.450
330.770 4.470 154.663
330.790 4.390 161.547
330.810 4.060 168.618
330.820 4.340 150.262
330.870 4.250 126.106
330.880 4.080 148.985
330.890 4.130 169.407
330.900 4.400 155.382
330.910 4.460 141.854
330.920 4.390 159.397
330.940 4.250 166.460
330.950 4.090 152.352
330.960 4.090 139.045
330.970 4.460 163.528
331.000 4.340 160.761
331.090 4.210 152.201
331.100 4.490 158.757
331.110 4.050 154.401
331.140 4.340 166.291
331.200 3.890 133.803
331.220 4.340 164.276
331.290 4.320 136.995
331.310 4.200 166.027
331.410 4.470 141.745
331.420 4.460 157.230
331.440 4.010 152.307
331.520 4.400 136.661
331.530 4.100 139.418
331.540 4.170 134.702
331.570 4.480 126.172
332.280 4.400 150.584
332.410 4.450 146.474
333.750 4.380 122.618
333.800 4.390 133.198
333.880 4.410 164.329
333.890 4.260 129.193
334.020 4.330 136.781
334.030 4.090 154.357
334.040 4.090 130.653
334.070 4.260 121.335
334.100 4.230 154.151
334.110 4.340 143.042
334.160 4.230 146.378
334.170 4.430 161.209
334.260 4.490 158.399
334.290 3.910 154.864
334.300 4.410 149.873
334.320 4.410 164.597
334.350 4.390 150.587
334.540 4.220 164.856
334.550 4.220 162.690
334.560 4.490 129.283
334.630 4.270 155.711
334.790 4.390 164.284
334.800 4.280 138.416
334.830 4.030 147.326
334.840 4.430 142.018
335.090 4.190 172.690
335.100 3.830 141.646
335.130 4.280 164.038
335.140 4.160 162.840
335.260 4.180 138.162
335.270 4.310 162.958
335.280 4.420 141.893
335.310 3.960 141.522
335.330 4.350 139.102
335.340 4.220 145.503
335.350 4.410 139.193
335.360 4.210 149.153
335.560 4.120 169.439
335.570 4.450 143.006
335.580 4.380 152.693
335.640 4.490 141.468
335.680 3.970 143.542
335.690 4.120 158.662
335.700 4.030 153.886
335.710 4.290 162.684
335.720 4.150 168.078
335.800 4.360 138.960
336.680 4.220 125.516
336.720 4.190 131.289
336.730 4.370 152.739
336.760 4.410 144.633
336.780 4.270 120.798
336.790 4.320 124.595
336.820 4.120 131.935
336.850 4.200 156.516
336.860 4.050 145.592
336.870 4.290 145.139
337.020 4.170 145.294
337.040 4.210 157.120
337.050 4.420 156.742
337.100 4.280 130.453
337.110 4.250 139.891
337.170 3.820 122.753
337.190 4.160 138.803
337.340 4.410 152.774
337.370 4.050 163.566
337.380 4.420 141.485
337.400 4.220 141.696
337.520 4.250 125.959
337.550 3.940 128.344
337.570 4.320 143.258
337.760 4.480 137.704
337.870 4.490 135.270
337.890 4.190 149.972
338.050 4.340 133.979
338.080 4.400 121.853
338.160 4.480 133.855
338.180 4.430 165.553
338.290 4.470 140.337
340.610 4.460 140.702
340.630 3.880 140.102
340.640 3.810 149.336
340.660 3.820 136.280
340.670 4.230 123.429
340.680 4.240 128.511
345.280 4.490 144.122
345.880 4.280 161.597
345.900 4.440 142.460
346.000 4.450 144.687
346.050 4.230 132.959
346.060 4.450 120.818
346.150 4.250 128.798
346.170 4.290 137.241
346.180 4.270 146.447
346.310 4.200 147.989
346.380 4.330 131.580
346.420 4.400 126.506
346.430 4.230 127.250
346.440 4.470 150.548
346.490 4.460 168.666
346.560 3.860 138.562
346.590 4.330 132.145
346.620 4.260 137.430
346.630 4.140 156.384
346.680 4.490 127.137
346.690 4.340 134.871
346.780 4.200 126.138
346.830 4.470 125.734
346.860 3.920 149.208
346.880 4.050 134.147
346.890 4.330 135.515
346.900 4.170 125.442
346.940 4.270 130.584
346.970 4.150 125.697
346.990 4.190 125.136
347.050 4.310 143.837
347.080 4.340 123.301
347.100 4.470 135.653
347.730 4.210 122.086
347.910 4.220 135.767
348.160 4.400 163.642
348.180 4.250 155.533
348.190 4.320 160.100
348.410 4.090 129.769
348.480 4.160 132.588
348.490 4.170 150.313
348.500 4.070 160.765
348.700 4.410 139.746
349.330 4.280 144.803
349.420 4.320 159.571
349.450 4.360 130.005
349.460 4.290 174.867
349.560 4.210 151.815
349.570 4.350 144.548
349.770 4.090 150.215
349.780 4.450 162.658
349.790 4.260 159.259
349.800 4.440 166.512
349.820 4.330 153.992
349.830 4.070 147.656
349.900 4.410 161.506
350.760 4.270 132.962
350.780 4.390 129.406
350.790 4.100 143.639
350.800 4.360 153.333
350.830 4.270 141.403
350.840 4.390 130.958
350.850 4.460 129.669
350.860 4.470 137.119
350.890 4.450 136.682
350.900 4.470 130.979
350.910 4.260 131.736
350.920 4.140 146.696
350.930 4.260 129.105
350.940 4.490 137.938
351.020 4.200 146.518
351.030 4.280 132.264
351.140 4.250 138.603
351.170 4.220 136.501
351.190 4.150 135.847
351.220 3.860 141.146
351.230 4.440 139.366
351.240 4.100 143.668
351.260 4.120 146.704
351.270 4.170 133.662
351.280 4.350 136.180
351.290 4.150 138.889
351.300 4.100 139.261
351.330 4.300 141.853
351.340 4.330 155.523
351.350 4.240 142.875
351.370 4.380 144.113
351.380 4.480 135.986
351.420 4.320 136.214
351.480 4.300 133.989
351.490 4.140 136.912
351.500 3.790 142.301
351.510 4.190 141.195
351.540 4.440 143.275
351.550 4.240 131.713
351.580 4.350 129.752
351.610 4.430 124.493
351.620 4.490 166.442
351.690 4.180 136.710
351.720 4.200 129.090
351.730 3.810 149.335
351.750 4.300 135.691
351.950 4.060 136.813
352.010 4.390 124.404
352.060 4.030 126.194
352.100 4.370 125.389
352.110 4.010 142.101
352.130 4.300 126.038
352.190 4.280 139.145
352.220 4.200 148.258
352.230 4.350 150.905
352.250 3.840 147.893
352.270 4.400 122.081
352.310 4.190 145.970
352.320 4.070 126.553
352.330 3.670 138.716
352.340 4.170 123.385
352.360 4.190 124.104
352.370 4.170 153.466
352.380 3.910 137.759
352.410 4.470 123.010
352.430 4.470 163.755
352.490 4.350 147.874
352.500 3.890 144.863
352.520 4.310 142.535
352.530 3.900 138.527
352.540 4.150 141.418
352.560 4.120 159.668
352.620 4.310 122.701
352.630 4.380 131.004
352.660 4.270 135.553
352.670 4.350 136.461
352.680 4.190 129.576
352.720 4.360 123.545
352.730 4.250 150.135
352.750 4.110 131.592
352.760 4.340 145.588
352.770 4.040 132.505
352.780 4.140 140.271
352.790 4.130 120.843
352.800 4.490 138.980
352.880 4.350 134.416
352.890 4.400 136.126
352.900 4.210 145.509
352.910 4.360 142.874
352.950 4.020 156.459
353.030 4.330 153.804
353.050 4.220 135.369
353.090 4.470 139.266
353.120 4.240 135.322
353.140 4.270 125.349
353.190 4.250 150.659
353.220 4.250 142.443
353.250 4.110 166.642
353.260 4.170 133.345
353.270 4.150 121.033
353.280 4.200 136.834
353.290 4.090 142.757
353.300 4.150 150.885
353.310 4.420 137.957
353.320 4.360 141.633
353.340 3.990 149.754
353.350 3.930 127.613
353.360 4.080 152.453
353.370 4.480 123.244
353.380 4.040 154.149
353.420 4.140 128.501
353.460 4.320 146.226
353.480 4.070 121.115
353.500 4.140 132.910
353.530 4.300 159.315
353.550 4.420 124.700
353.560 4.330 122.322
353.630 4.210 135.060
353.640 4.310 126.142
353.650 4.390 143.155
353.660 4.060 127.503
353.680 4.490 145.896
353.700 4.310 126.283
353.710 4.370 136.968
353.720 4.180 139.782
353.770 4.310 134.757
353.780 4.120 149.563
353.800 4.450 126.583
353.820 3.980 140.196
353.850 4.340 126.397
353.870 4.260 146.858
353.880 4.410 136.222
354.020 4.140 148.516
354.050 4.390 141.527
354.120 3.860 146.823
354.150 4.310 132.993
354.180 4.430 120.793
354.220 4.440 128.785
354.240 4.280 144.646
354.250 4.270 131.725
354.310 4.340 127.082
354.320 4.240 126.633
354.330 4.340 164.701
354.350 4.440 132.879
354.360 4.230 143.240
354.390 4.260 130.927
354.490 4.150 154.854
354.530 3.910 138.612
354.540 3.810 137.926
354.550 4.210 141.649
354.560 4.060 148.993
354.570 4.180 124.690
354.580 3.880 145.422
354.590 4.370 145.432
354.600 4.160 145.012
355.740 4.360 140.346
356.510 4.480 141.285
356.860 4.430 156.193
357.670 4.480 121.324
360.420 3.940 123.808
363.050 4.480 168.030
363.100 4.420 171.214
363.180 4.480 145.148
363.500 4.410 172.148
363.790 4.480 131.971
363.930 4.390 162.212
363.970 4.270 159.470
363.980 4.430 162.147
364.030 4.360 159.011
364.080 4.340 138.078
364.330 4.420 133.000
364.560 4.480 162.328
365.070 3.940 133.914
365.080 4.130 155.906
365.120 4.480 173.820
365.150 4.470 160.758
365.160 4.350 169.672
365.170 4.160 144.953
365.180 4.240 140.448
365.200 4.120 149.026
365.210 4.480 146.734
365.220 4.220 141.998
365.400 4.070 145.884
365.410 4.040 151.536
365.420 4.380 138.493
365.460 3.760 138.857
365.470 4.280 139.230
365.490 4.420 149.800
365.500 4.220 135.084
365.530 4.140 167.563
365.540 4.290 141.705
365.550 4.260 120.385
365.560 4.280 130.240
365.570 4.110 126.416
365.610 4.450 128.107
365.670 4.180 133.741
365.860 4.460 137.635
365.920 4.310 148.191
365.930 3.990 144.353
366.060 4.480 151.011
366.140 4.230 150.438
366.150 4.090 130.913
366.590 4.390 165.889
366.600 4.340 133.053
366.690 4.440 168.401
366.980 3.890 146.501
366.990 4.270 149.554
367.000 3.990 159.444
367.010 4.270 159.915
367.020 3.950 148.835
367.220 4.170 151.544
367.230 4.220 132.713
367.300 4.470 157.000
367.580 4.460 161.222
367.590 4.430 173.718
367.600 4.270 164.156
367.710 4.450 144.186
367.720 4.250 155.545
367.730 4.180 164.772
383.610 4.180 165.884
383.740 4.450 139.301
383.760 4.270 160.348
383.770 4.250 152.601
383.780 4.360 169.328
383.820 4.360 145.698
384.410 4.060 137.936
384.440 4.410 148.684
384.920 4.460 125.987
384.930 4.250 144.275
384.940 3.820 136.756
384.950 4.370 144.375
384.970 4.010 135.002
384.990 4.000 138.565
385.010 4.350 128.895
385.020 4.220 120.377
385.030 3.870 137.246
385.040 4.100 153.886
385.050 3.940 130.982
385.070 4.150 132.216
385.080 4.360 138.321
385.090 3.910 138.415
385.100 4.320 128.282
385.980 4.490 125.844
385.990 4.480 148.457
386.020 4.360 125.863
386.270 3.980 127.506
386.340 4.180 150.868
386.710 4.260 122.334
386.750 4.220 128.784
386.760 4.190 152.030
386.880 4.330 127.610
386.930 4.160 127.420
386.990 4.490 126.920
387.000 4.450 139.615
387.010 4.020 149.550
387.020 4.100 141.110
387.030 4.320 122.615
387.040 4.020 134.061
387.050 4.400 138.921
387.060 4.250 138.640
387.080 3.930 155.467
387.100 4.390 143.234
387.110 3.800 127.836
387.130 4.100 145.921
387.140 4.210 162.698
387.160 4.050 148.427
387.190 4.070 143.954
387.230 4.480 122.352
387.290 4.450 139.860
387.330 4.390 143.130
387.360 4.290 124.990
387.420 4.190 123.807
387.490 4.180 137.010
387.540 4.480 123.291
387.580 4.240 125.366
387.680 4.370 130.211
387.920 4.020 137.430
387.980 4.430 122.945
388.000 4.070 135.350
388.010 4.020 127.272
391.890 4.480 152.706
396.190 4.330 172.717
396.220 4.220 153.645
396.240 4.250 120.284
396.250 4.370 131.674
396.260 4.050 151.460
396.270 3.880 124.022
396.290 4.390 131.393
396.310 4.120 138.679
396.320 4.300 125.739
396.340 4.300 130.734
396.360 4.330 157.086
396.370 4.350 127.660
396.400 4.180 156.740
396.410 4.450 135.888
396.430 4.090 145.958
396.440 4.200 139.302
396.450 3.920 177.342
396.480 4.150 137.595
396.500 4.110 157.963
396.510 4.420 154.381
396.520 4.400 138.995
396.540 4.460 133.400
396.570 4.410 122.461
396.590 4.210 132.791
396.600 3.890 159.045
396.610 4.460 128.225
396.660 4.450 139.750
396.670 4.120 151.201
396.690 4.100 137.778
396.730 3.840 136.588
396.750 4.060 131.230
396.760 4.120 127.322
396.770 3.830 142.767
396.800 4.200 129.871
396.810 4.300 124.023
396.820 4.040 153.320
396.850 4.190 129.454
396.860 4.120 153.532
396.870 4.130 137.765
396.890 4.220 145.376
396.900 4.290 149.881
399.480 4.480 148.250
400.030 4.470 169.307
400.060 4.440 152.177
402.010 4.410 126.979
402.040 4.330 128.154
402.050 4.280 162.468
402.060 4.250 166.908
402.080 4.260 142.011
402.130 4.080 138.328
402.170 4.350 167.324
402.200 4.340 147.574
402.210 4.270 162.677
402.230 4.020 137.208
402.260 4.430 127.261
402.270 4.420 129.954
402.320 4.090 156.059
402.350 4.350 131.407
402.370 4.320 148.044
402.400 4.000 126.527
402.410 4.080 132.323
402.420 3.870 146.468
402.550 4.280 163.311
402.580 4.140 132.325
402.660 4.460 145.065
402.710 4.070 148.656
402.720 4.290 153.863
402.740 4.270 166.183
402.750 4.360 146.529
403.110 4.230 121.302
403.420 4.100 147.334
403.440 4.490 120.527
403.470 4.410 137.928
403.520 3.810 142.682
427.100 4.470 124.855
427.160 4.410 149.275
427.380 4.440 127.449
427.890 4.450 123.369
427.930 4.390 145.363
428.610 4.370 137.734
429.300 4.370 154.398
429.770 4.390 120.043
430.780 4.490 126.331
430.880 4.420 130.591
431.170 4.490 169.041
431.220 4.490 144.980
432.040 4.470 164.423
432.050 4.470 164.888
434.030 4.120 131.306
434.040 4.360 148.906
434.170 4.210 137.404
434.210 4.390 130.688
434.340 3.970 125.636
434.850 4.420 138.242
434.870 4.210 149.676
434.890 4.350 146.404
434.980 4.300 132.500
435.110 4.480 121.395
435.640 4.280 143.879
435.670 4.390 138.830
435.690 4.410 150.855
435.770 4.310 161.021
435.830 3.950 146.058
435.850 4.420 142.567
435.870 4.480 150.002
435.880 4.430 161.785
435.910 4.360 147.363
436.190 4.450 123.072
436.200 4.460 135.051
436.240 4.120 140.409
436.330 4.460 141.915
436.350 4.300 154.527
436.390 4.370 131.507
436.490 4.490 122.055
436.690 4.360 123.334
436.770 4.340 129.401
436.980 4.470 133.444
437.170 4.330 153.432
437.210 4.320 138.836
437.230 4.290 134.299
437.240 4.180 132.013
437.340 4.390 156.549
437.360 4.460 142.894
437.570 4.180 120.983
437.580 4.450 135.951
437.810 4.440 153.702
437.890 4.310 153.098
437.930 4.470 172.412
438.140 4.420 136.447
438.150 4.370 149.149
438.160 4.150 136.241
438.170 4.130 152.347
438.190 4.150 126.257
438.200 4.160 150.753
438.220 4.090 137.255
438.660 4.280 154.537
438.710 4.000 138.932
438.720 4.420 139.932
438.730 4.280 141.710
438.740 4.360 137.329
438.750 4.030 150.611
438.790 4.360 148.855
438.810 4.420 157.634
438.820 4.150 146.498
438.840 4.310 174.533
438.850 4.400 173.307
438.870 4.300 124.336
438.880 4.350 155.418
438.950 4.430 136.081
438.990 4.430 148.691
439.000 4.420 159.998
439.010 4.030 151.258
439.020 4.260 132.167
439.030 4.120 131.371
439.060 4.390 167.840
439.090 4.330 148.267
439.150 4.320 146.291
439.170 4.060 127.857
439.210 4.150 159.002
439.220 4.480 153.571
439.270 4.410 158.267
439.290 4.200 143.936
439.320 4.260 169.260
439.330 4.390 160.150
439.340 4.060 147.844
439.350 4.490 158.917
439.360 4.120 164.271
439.460 4.080 133.356
439.470 4.370 161.071
439.500 4.310 130.032
439.520 4.480 147.626
439.740 4.360 126.210
439.810 4.490 126.156
440.160 4.400 141.139
440.170 4.280 138.470
440.190 4.270 129.047
440.210 3.910 147.791
440.280 4.160 153.605
440.290 4.110 162.226
440.300 4.150 145.143
440.310 4.260 173.322
440.330 4.220 136.262
440.370 4.450 138.329
440.450 4.480 166.056
440.460 4.300 148.174
440.480 4.410 136.683
440.490 4.390 158.463
440.500 4.250 133.319
440.510 3.780 150.476
440.520 4.280 153.446
440.560 4.200 161.639
440.580 4.380 162.471
440.590 4.490 166.665
440.600 4.360 162.393
440.730 3.950 152.248
440.780 4.160 155.517
440.820 4.030 143.981
440.830 3.990 147.895
440.860 4.340 150.219
440.870 4.340 145.417
440.880 3.970 163.954
440.890 4.410 172.106
440.900 4.250 165.613
440.920 4.360 144.779
440.930 4.370 167.343
440.940 4.240 167.634
440.970 4.290 135.129
440.990 4.250 147.592
441.000 4.210 168.502
441.020 4.390 154.075
441.030 4.150 124.692
441.120 4.420 135.789
441.160 4.200 128.663
441.190 4.210 128.809
441.480 4.380 120.368
441.700 4.380 123.272
441.730 4.350 122.670
442.140 4.360 125.868
442.180 4.460 144.932
442.230 4.330 132.446
442.240 3.970 163.336
442.250 4.430 149.429
442.260 4.450 141.025
442.270 3.930 152.529
442.300 4.360 148.653
442.340 4.410 165.932
442.360 4.430 177.563
442.470 4.470 168.532
442.660 4.260 143.558
442.670 4.300 169.804
442.740 4.330 158.500
442.760 4.490 134.114
442.770 4.460 136.926
442.790 4.320 157.954
442.800 4.230 148.343
442.880 4.250 163.353
442.930 4.450 163.346
442.950 4.340 169.134
443.000 4.350 155.872
443.010 4.220 147.516
449.060 4.390 124.160
449.070 4.340 139.371
449.080 4.380 139.097
449.360 4.220 128.952
449.390 4.320 135.026
449.560 4.170 130.926
449.600 4.400 120.687
449.750 4.410 163.424
449.930 4.050 177.271
449.940 4.340 165.790
449.950 4.490 155.355
449.960 4.430 157.797
449.970 4.460 135.082
450.020 4.240 143.499
450.030 4.280 157.294
450.050 4.310 150.542
450.070 4.480 161.587
450.110 4.160 156.589
450.120 4.200 139.892
450.140 4.100 155.127
450.150 4.330 161.262
450.160 4.330 170.433
450.170 4.220 141.151
450.180 4.120 133.822
450.190 4.300 155.799
450.410 4.480 140.031
450.550 4.340 134.237
450.620 4.140 157.005
450.670 4.390 133.933
450.770 4.380 129.141
450.870 4.160 137.086
450.880 4.280 120.539
450.900 4.090 133.293
450.910 4.080 144.002
450.930 3.930 135.316
450.960 4.400 134.788
450.980 4.480 125.578
451.010 3.880 149.667
451.020 4.380 156.661
451.050 4.480 161.568
451.060 3.750 148.896
451.070 4.250 172.764
451.080 4.390 152.457
451.090 4.270 169.588
451.100 4.420 169.318
451.110 4.100 154.981
451.120 4.220 167.757
451.130 4.040 146.987
451.140 4.030 161.563
451.150 4.370 155.288
451.160 4.330 160.226
451.180 4.330 142.846
451.200 4.360 135.660
451.210 4.230 130.314
451.220 4.480 156.527
451.250 4.370 169.612
451.410 4.190 131.532
451.430 3.820 131.826
451.440 4.010 148.144
451.520 4.030 159.098
451.540 4.280 144.249
451.620 4.260 145.654
451.650 4.400 138.841
451.660 4.280 122.696
451.700 4.280 137.445
451.830 4.460 150.820
451.840 4.390 131.676
451.890 4.130 154.041
451.900 4.490 149.006
452.010 3.990 129.186
452.020 4.090 133.559
452.170 4.430 149.076
452.180 4.080 142.806
452.190 4.180 153.042
452.200 4.080 151.142
452.210 4.050 142.388
452.410 4.220 145.293
452.420 4.060 150.451
452.430 4.020 134.458
452.440 4.470 122.836
452.570 3.980 166.388
452.580 3.720 152.261
452.590 3.890 167.034
452.600 4.080 151.263
452.610 4.180 153.084
452.650 3.930 158.344
452.660 4.140 142.081
452.670 4.170 155.648
452.680 3.790 163.396
452.690 3.810 148.785
452.700 4.060 123.165
452.710 3.970 138.575
452.720 3.970 140.336
452.730 4.280 163.332
452.740 4.250 152.595
452.760 4.130 157.153
452.810 3.900 131.872
454.910 4.420 120.341
455.640 3.910 121.154
455.660 3.880 133.065
455.670 4.050 123.808
455.680 4.060 120.040
455.690 3.910 140.872
455.710 4.360 125.939
455.720 3.720 121.351
455.740 3.900 123.814
455.760 3.260 124.704
455.770 3.500 125.061
455.780 3.790 140.760
455.790 3.620 123.537
455.800 4.020 137.114
455.930 4.060 129.841
455.940 3.990 130.915
455.950 4.170 125.483
455.960 4.040 137.155
455.970 3.950 121.311
455.980 3.730 140.576
455.990 3.440 129.383
456.000 3.490 127.448
456.010 3.890 122.474
456.020 4.060 131.222
456.030 4.030 122.929
456.040 3.900 140.442
456.050 3.790 139.720
456.060 4.350 123.592
456.070 3.880 132.172
456.080 3.750 138.913
456.090 3.540 134.190
456.100 3.740 127.167
456.110 3.600 127.582
456.120 3.700 121.769
456.130 3.470 128.442
456.140 4.240 143.876
456.150 3.800 130.043
456.240 4.080 120.241
456.260 4.360 133.545
456.270 3.680 123.519
456.280 4.160 155.924
456.360 4.020 140.669
456.380 4.480 137.756
456.390 3.880 138.676
456.400 3.600 123.348
456.410 3.840 127.689
456.420 4.210 151.049
456.430 3.720 136.290
456.450 3.550 126.919
456.460 4.190 151.154
456.470 3.880 128.516
456.480 4.180 134.510
456.510 4.050 139.043
456.520 3.860 125.150
456.530 4.180 139.843
456.570 3.820 142.588
456.590 3.730 134.918
456.600 4.050 146.203
456.610 3.500 133.422
456.620 3.830 150.406
456.630 3.850 132.363
456.640 4.190 130.217
456.650 3.780 140.997
456.660 3.870 140.536
456.690 3.600 136.646
456.700 4.090 154.444
456.710 3.440 124.445
456.720 3.640 121.426
456.730 4.330 150.492
456.740 3.520 135.898
456.750 3.880 136.118
456.760 3.590 136.266
456.770 3.940 140.183
456.780 3.500 136.049
456.790 3.490 120.626
456.800 4.140 139.825
456.810 4.010 149.267
456.840 4.230 121.496
456.850 4.260 138.208
456.860 3.440 125.280
456.870 3.650 126.140
456.880 3.730 129.424
456.890 3.680 134.430
456.900 3.770 131.229
456.910 3.760 131.299
456.920 3.420 131.109
456.930 3.650 131.213
456.960 3.540 131.439
456.970 3.610 147.553
456.980 3.730 139.579
456.990 3.750 143.304
457.000 3.560 127.923
457.010 4.180 162.493
457.020 4.110 144.126
457.030 3.680 127.017
457.040 3.430 135.085
457.050 3.630 141.919
457.060 3.850 129.290
457.070 3.830 150.329
457.080 3.830 135.438
457.090 3.520 128.488
457.100 3.990 131.281
457.110 3.660 127.489
457.120 3.500 128.453
457.130 3.700 132.485
457.140 3.610 128.880
457.180 3.650 121.904
457.210 4.120 133.128
457.220 3.750 135.717
457.230 3.570 130.901
457.240 3.660 120.959
457.250 3.650 129.950
457.280 3.720 120.772
457.290 3.990 128.491
457.300 3.710 133.863
457.310 4.150 139.623
457.320 3.680 126.543
457.330 3.680 134.010
457.340 3.460 134.202
457.350 3.660 131.266
457.360 3.430 145.750
457.370 3.950 143.275
457.380 4.080 130.181
457.390 3.980 135.510
457.400 3.480 126.566
457.420 3.430 144.329
457.510 3.330 121.473
457.530 3.820 132.243
457.580 4.130 122.052
457.620 3.530 126.986
457.650 3.400 130.418
457.670 3.470 133.139
457.690 3.410 130.654
457.720 3.870 122.559
457.730 3.350 123.088
457.740 3.780 124.569
457.770 3.350 122.848
457.780 3.510 123.152
457.790 3.640 130.080
457.800 3.540 144.366
457.810 3.620 127.261
457.840 3.780 122.763
457.850 4.220 131.258
457.880 3.640 138.437
457.920 3.800 128.695
457.930 3.710 150.056
457.940 3.340 126.645
457.950 3.910 139.114
457.960 3.730 139.270
457.980 3.470 139.388
458.020 4.070 123.655
458.030 3.980 129.617
458.040 3.790 129.467
458.060 4.160 126.926
458.080 3.980 140.069
458.090 3.750 126.635
458.130 3.520 127.031
458.140 4.010 135.643
458.150 4.150 130.047
458.160 3.740 125.848
458.170 3.610 141.496
458.190 3.530 124.485
458.370 4.330 141.290
458.380 3.970 134.873
458.400 3.520 124.337
458.430 4.040 139.768
458.490 3.600 131.116
458.510 4.410 138.044
458.520 3.840 128.413
458.530 4.240 141.978
458.540 3.690 127.173
458.570 3.800 120.712
458.580 4.450 156.974
458.600 4.000 147.373
458.760 4.380 156.895
458.790 4.420 160.354
458.810 4.400 157.644
458.820 4.210 133.148
458.850 4.030 135.882
458.860 4.090 144.478
458.890 3.900 150.332
458.900 4.420 133.335
458.910 4.150 137.868
458.920 4.060 146.434
458.930 3.930 146.623
458.940 4.270 140.518
458.980 4.490 138.581
458.990 4.060 136.905
459.000 4.200 124.519
459.010 4.250 152.947
459.020 4.440 123.881
459.030 4.370 131.788
459.040 4.420 139.455
459.050 4.260 144.216
459.060 4.300 123.646
459.070 4.390 122.404
459.080 3.860 148.382
459.090 4.340 139.438
459.100 4.070 135.372
459.110 4.080 134.850
459.120 3.970 135.374
459.130 4.250 151.994
459.140 3.950 136.703
459.160 4.300 147.184
459.170 4.160 128.840
459.190 4.400 130.511
459.200 3.970 131.291
459.210 3.780 132.739
459.220 4.050 125.980
459.230 4.030 121.335
459.240 4.030 135.865
459.250 4.180 136.197
459.270 4.100 134.058
459.280 4.080 149.692
459.290 3.840 128.893
459.320 4.260 135.804
459.330 3.920 158.861
459.340 4.450 143.284
459.360 4.350 134.349
459.370 4.290 156.325
459.380 4.490 130.660
459.390 4.260 135.040
459.400 4.080 150.611
459.410 4.110 134.387
459.420 4.430 146.047
459.430 3.880 150.110
459.440 4.290 150.577
459.450 4.400 120.045
459.460 3.860 151.231
459.540 4.380 122.494
459.570 4.080 127.375
459.580 4.400 134.013
459.590 4.060 156.817
459.600 4.370 150.708
459.620 4.250 122.109
459.630 4.490 135.316
459.640 4.480 132.145
459.650 4.220 130.732
459.690 4.350 160.196
459.750 4.460 158.488
459.760 3.960 139.975
459.770 4.490 128.694
459.790 3.850 124.407
459.800 4.190 140.493
459.810 4.270 124.753
459.820 4.460 139.163
459.830 4.110 139.007
459.840 3.910 137.044
459.860 4.300 127.498
459.890 4.330 145.367
459.900 4.400 144.746
459.910 4.280 146.461
459.920 4.220 155.130
459.950 4.380 130.888
459.970 4.430 143.754
459.980 4.070 136.423
459.990 4.440 136.929
460.010 4.410 126.345
460.020 3.960 134.427
460.030 4.090 140.612
460.040 4.410 153.016
460.050 4.370 125.709
460.070 4.230 152.870
460.080 4.010 143.864
460.090 4.160 136.927
460.130 4.120 144.717
460.140 4.220 125.684
460.170 4.260 123.806
460.180 4.120 124.347
460.190 4.380 143.173
460.200 3.990 139.816
460.210 3.920 156.308
460.220 3.960 148.448
460.240 3.840 137.884
460.250 3.970 131.716
460.260 4.340 138.871
460.290 4.460 121.948
460.320 3.910 154.923
460.340 3.790 127.509
460.350 3.910 136.352
460.370 4.400 142.556
460.400 4.150 131.449
460.410 4.220 147.346
460.420 4.290 127.245
460.460 4.070 131.209
460.470 4.200 125.874
460.480 4.280 150.933
460.490 3.900 148.180
460.500 4.410 156.059
460.510 4.360 128.828
460.520 4.460 132.723
460.530 4.200 135.009
460.540 4.490 161.700
460.560 4.230 159.727
460.610 4.210 131.015
460.620 4.460 128.342
460.630 4.370 133.620
460.640 4.100 143.743
460.650 4.400 155.605
460.670 4.330 147.903
460.680 4.350 143.526
460.690 4.390 139.830
460.710 3.980 138.258
460.720 4.420 138.737
460.730 4.470 139.012
460.780 4.410 157.092
460.790 4.130 154.266
460.810 4.310 145.296
460.830 4.020 139.272
460.840 4.020 143.681
460.850 4.300 133.788
460.860 4.140 126.198
460.880 4.450 122.739
460.890 4.370 131.916
460.910 4.490 134.185
461.030 3.990 163.662
461.070 4.450 139.004
461.090 4.330 125.774
461.100 4.360 128.314
461.120 3.990 149.548
461.130 4.050 149.582
461.140 4.120 144.703
461.150 4.380 138.993
461.160 4.480 133.825
461.170 4.340 121.522
461.230 4.270 156.546
461.250 4.150 146.422
461.260 4.330 142.358
461.270 4.430 135.940
461.320 4.200 120.578
461.390 4.470 131.521
461.460 4.450 129.619
461.470 4.260 146.672
461.580 4.050 122.657
461.610 4.370 126.671
461.630 4.040 137.665
461.640 4.070 144.320
461.650 4.270 126.953
461.670 4.310 130.326
461.690 4.380 152.892
461.700 3.860 141.505
461.710 4.280 144.276
461.720 4.300 124.180
461.730 4.040 128.199
461.750 4.370 138.736
461.760 4.290 129.013
461.770 4.050 156.861
461.780 4.400 130.929
461.790 4.310 144.713
461.800 4.380 147.722
461.810 4.490 143.172
461.830 4.200 129.539
461.840 4.390 130.568
461.860 4.190 141.048
461.870 4.200 143.970
461.880 4.420 148.814
461.890 4.360 134.213
461.900 4.240 150.538
461.910 4.410 140.808
461.920 4.270 123.105
461.930 4.460 137.696
461.940 4.050 160.982
461.950 4.150 147.828
461.980 3.940 162.018
462.000 4.280 145.948
462.020 4.250 156.580
462.030 4.290 159.755
462.050 4.360 129.176
462.090 4.320 140.122
462.110 4.340 152.253
462.130 4.450 122.244
462.140 4.150 148.465
462.150 4.060 147.882
462.180 4.080 121.541
462.200 4.130 140.397
462.210 4.210 126.336
462.220 3.630 137.099
462.230 4.150 127.637
462.240 3.780 134.340
462.250 4.070 139.917
462.260 4.270 120.547
462.280 4.460 130.105
462.290 4.210 134.685
462.300 4.230 143.308
462.420 3.840 134.712
463.070 3.540 122.000
463.100 3.790 129.789
463.110 3.620 131.639
463.130 3.530 122.855
463.140 3.610 122.386
463.150 3.510 120.757
463.160 3.550 127.209
463.190 3.420 131.943
463.200 3.640 121.440
463.210 3.400 127.497
463.220 3.730 136.138
463.270 3.730 137.732
463.280 3.570 131.517
463.290 3.760 128.785
463.310 3.450 129.078
463.320 3.510 126.963
463.330 3.490 121.938
463.340 3.890 133.285
463.360 3.760 136.720
463.370 3.750 134.811
463.380 3.560 123.818
463.390 3.940 129.352
463.400 3.680 127.405
463.410 4.050 148.231
463.420 4.280 140.043
463.440 4.230 135.610
463.460 3.780 141.009
463.480 4.370 141.185
463.490 3.580 133.484
463.500 3.790 147.175
463.510 4.440 127.134
463.520 4.300 123.747
463.630 3.710 124.331
463.660 3.490 122.171
463.670 3.630 133.938
463.680 3.710 121.208
463.690 3.620 141.428
463.700 3.900 120.817
466.310 4.360 146.006
466.320 3.900 149.680
466.340 3.830 139.813
466.350 4.020 124.403
466.360 4.160 146.589
466.410 4.020 130.476
466.520 4.440 145.297
466.530 4.390 142.908
468.630 4.290 132.279
468.640 4.430 125.607
468.650 4.100 134.621
468.660 4.390 140.837
468.670 3.660 136.581
468.680 4.280 135.371
468.690 4.200 134.915
468.700 4.160 133.737
468.710 4.270 124.403
468.720 4.170 126.422
468.750 4.100 138.063
468.780 4.320 128.277
468.800 4.350 148.676
468.810 4.420 140.817
468.830 4.350 145.176
468.840 4.130 160.689
468.850 4.060 140.351
468.870 4.350 139.403
468.880 4.440 148.206
468.900 4.160 151.465
468.910 4.440 142.362
468.940 4.250 148.308
468.950 4.180 133.582
468.970 4.280 141.925
468.980 3.970 149.521
468.990 4.460 139.368
469.010 4.260 145.911
469.040 4.400 126.803
469.050 4.160 140.445
469.060 4.470 144.269
469.110 4.320 153.366
469.120 4.370 144.923
469.160 4.260 143.774
469.170 4.160 138.407
469.180 4.430 158.435
469.200 4.040 145.662
469.230 4.340 169.937
469.240 4.120 160.671
469.280 3.860 157.547
469.290 4.370 160.166
469.300 4.200 158.334
469.340 4.080 144.789
469.370 4.140 141.321
469.390 4.230 144.673
469.400 4.230 146.962
469.410 4.120 126.953
469.420 3.900 139.935
469.440 4.220 133.437
469.450 4.430 121.435
469.540 4.280 140.992
469.590 4.380 131.774
469.600 4.320 145.608
469.610 4.440 144.867
469.630 4.240 149.146
469.640 4.460 149.506
469.650 4.140 142.679
469.660 4.470 139.929
469.700 4.200 137.079
469.740 4.200 136.342
469.750 4.210 128.827
469.790 4.350 139.913
469.800 4.260 140.461
469.820 4.110 147.371
469.830 4.400 129.538
469.850 4.440 141.551
469.860 4.420 134.495
469.900 4.100 140.535
469.950 4.350 144.587
469.960 4.040 154.291
469.980 4.370 134.250
469.990 4.060 152.027
470.000 4.180 129.657
470.010 4.170 140.696
470.020 4.090 134.683
470.030 4.440 141.829
470.040 4.210 145.155
470.050 4.210 134.816
470.060 4.350 137.972
470.070 4.440 154.826
470.080 4.340 168.943
470.090 4.440 155.917
470.100 4.320 143.509
470.110 4.200 148.147
470.130 4.090 128.683
470.140 4.080 149.339
470.150 3.990 127.710
470.170 4.270 133.494
470.180 4.230 133.226
470.190 4.380 127.988
470.200 4.400 135.348
470.240 4.380 149.810
470.250 4.490 128.253
470.310 4.240 155.689
470.320 4.160 156.186
470.330 3.990 155.980
470.340 3.960 162.405
470.350 3.850 155.354
470.360 4.420 152.979
470.370 4.260 148.541
470.400 4.010 157.264
470.410 3.990 156.315
470.420 4.280 134.255
470.430 4.080 159.448
470.440 3.890 154.626
470.450 4.440 132.089
470.460 4.210 138.642
470.480 4.160 148.382
470.490 4.330 140.444
470.510 4.310 153.500
470.530 4.140 140.877
470.540 4.360 135.564
470.550 4.460 152.094
470.570 4.200 157.075
470.580 4.260 135.203
470.610 4.360 145.993
470.630 4.080 127.272
470.640 4.070 150.232
470.660 4.320 150.893
470.670 4.180 157.771
470.680 4.410 136.134
470.690 4.350 139.913
470.710 4.100 152.499
470.730 4.400 140.206
470.740 3.720 142.284
470.750 4.100 145.450
470.760 4.210 152.682
470.770 4.390 134.807
470.780 3.970 138.735
470.790 3.710 146.139
470.800 3.850 124.783
470.810 4.440 134.564
470.820 3.850 153.504
470.830 3.810 146.639
470.840 4.290 145.162
470.850 4.310 141.957
470.860 4.030 140.052
470.870 3.910 153.071
470.880 4.040 131.949
470.890 4.440 143.039
470.900 3.920 149.948
470.910 4.250 135.912
470.930 4.170 140.152
470.940 4.350 120.655
470.960 4.390 151.775
470.970 4.280 143.206
470.980 4.040 141.459
470.990 3.770 149.242
471.000 3.770 139.171
471.010 4.290 131.502
471.020 4.270 127.440
471.030 4.330 122.753
471.040 4.360 126.922
471.050 3.940 140.111
471.060 4.220 135.134
471.070 4.480 136.532
471.090 4.310 138.410
471.100 3.900 136.789
471.110 4.060 131.985
471.120 4.120 154.649
471.140 3.940 146.442
471.180 4.400 136.549
471.200 4.120 120.484
471.210 4.250 136.812
471.220 4.310 124.636
471.230 4.230 130.397
471.270 4.150 128.509
471.310 4.060 155.080
471.320 4.380 126.684
471.340 4.190 133.832
471.350 4.340 170.286
471.400 4.120 159.567
471.570 4.090 149.131
471.590 4.410 130.941
471.600 4.140 148.990
471.610 4.060 139.576
471.650 4.240 131.722
471.700 4.230 127.539
471.720 4.320 132.974
471.740 3.880 139.261
471.750 4.160 139.533
471.760 4.090 132.315
471.770 3.980 132.813
471.780 4.230 133.684
471.790 3.940 147.097
471.800 4.140 137.789
471.810 4.130 139.599
471.820 3.870 148.430
471.830 4.160 154.747
471.880 4.430 136.348
471.890 4.210 142.301
471.910 3.910 128.409
471.920 4.220 142.706
471.930 4.120 146.943
471.950 4.380 131.481
471.960 4.210 141.464
471.980 3.830 156.200
471.990 4.300 144.962
472.060 4.460 124.063
472.090 4.280 136.896
472.100 4.250 145.425
472.110 4.310 138.870
472.120 4.170 140.292
472.140 4.440 142.019
472.150 3.890 143.998
472.180 4.200 128.972
472.190 4.170 121.286
472.200 4.460 139.548
472.210 4.450 133.225
472.240 4.240 149.653
472.250 4.440 137.790
472.280 4.140 145.669
472.300 4.190 140.656
472.340 4.370 138.097
472.350 4.380 136.671
472.360 4.250 147.114
472.390 4.090 126.236
472.410 4.350 133.305
472.420 3.720 137.850
472.430 3.910 146.591
472.440 3.920 136.854
472.450 3.870 129.733
472.460 3.890 160.711
472.520 4.320 134.912
472.530 3.920 142.457
472.540 4.030 145.863
472.600 4.180 134.841
472.610 4.390 156.745
472.620 4.200 150.766
472.630 4.290 138.443
472.640 4.490 137.145
472.650 3.900 150.800
472.660 4.020 151.505
472.670 4.180 145.468
472.680 4.090 154.000
472.700 4.370 152.992
472.710 4.300 148.284
472.720 4.420 134.081
472.730 4.410 137.898
472.750 4.010 136.619
472.760 3.860 153.925
472.800 4.080 129.027
472.820 4.480 152.972
472.860 4.350 148.855
472.890 3.930 120.988
472.910 3.960 142.550
472.920 4.070 150.679
472.940 4.340 137.228
472.950 4.200 132.329
472.960 4.430 143.864
473.000 4.460 167.239
473.010 4.180 145.243
473.070 4.100 120.258
473.090 3.930 131.150
473.100 4.180 155.435
473.120 4.390 143.105
473.140 4.420 136.506
473.150 4.340 152.365
473.170 4.270 145.880
473.180 4.180 129.080
473.190 4.110 148.681
473.200 4.480 132.297
473.210 3.860 151.709
473.230 4.300 152.283
473.240 4.360 136.416
473.260 4.420 144.242
473.280 3.770 141.037
473.300 3.960 155.805
473.330 3.780 142.253
473.340 4.420 122.045
473.350 4.440 142.672
473.400 4.090 146.092
473.410 4.180 168.475
473.420 4.200 138.246
473.810 4.420 164.041
473.830 4.300 161.842
473.920 4.380 162.344
480.190 4.350 141.194
480.310 4.320 129.017
480.350 4.370 134.813
480.360 4.270 127.395
480.370 4.490 126.224
480.390 4.150 137.202
480.410 3.680 127.423
480.420 4.090 137.815
480.430 4.210 153.983
480.440 4.250 129.782
480.450 4.150 136.284
480.470 4.070 141.305
480.480 4.160 148.767
480.580 4.120 129.976
480.600 4.490 135.707
480.620 4.270 136.764
480.640 4.070 141.730
480.650 4.180 129.856
480.660 4.490 127.087
480.690 4.470 126.822
480.710 4.330 147.663
480.720 4.460 155.773
480.730 4.380 121.691
480.740 3.980 153.676
480.750 4.280 140.178
480.760 4.250 139.168
480.770 4.150 124.301
480.820 4.390 137.655
480.840 4.450 144.610
480.870 4.260 142.675
480.880 4.350 142.931
481.020 4.250 137.183
481.110 4.050 141.277
481.120 3.900 148.131
481.160 4.040 144.906
481.190 4.290 142.331
481.200 4.370 135.350
481.210 4.300 146.931
481.230 4.270 133.674
481.240 4.320 134.410
481.260 4.240 122.715
481.380 4.330 158.992
481.410 3.910 166.525
481.420 4.010 164.694
481.430 4.280 145.145
481.440 4.030 149.998
481.460 4.150 123.673
481.470 4.370 133.959
481.490 4.110 147.227
481.530 4.380 140.678
481.540 4.190 136.656
481.560 4.320 121.225
481.570 4.320 122.330
481.580 4.400 149.581
481.650 4.180 151.255
481.670 4.130 124.097
481.700 3.960 144.365
481.710 4.320 144.840
481.730 4.030 138.092
481.740 4.060 167.205
481.760 3.880 144.220
481.790 4.450 125.061
481.810 4.380 153.638
481.820 4.270 161.318
481.860 3.920 147.053
481.900 4.310 123.039
481.910 4.330 149.644
481.920 4.310 143.939
481.930 4.080 145.259
481.940 4.300 136.961
481.950 4.470 141.034
481.960 4.360 154.489
481.980 4.050 148.388
481.990 4.130 141.048
482.000 4.340 135.076
482.010 4.290 143.507
482.030 4.480 146.351
482.050 4.450 160.296
486.810 4.430 127.746
486.860 4.470 130.721
486.920 4.400 170.328
487.340 4.330 152.516
487.350 4.360 152.985
487.360 4.480 163.404
487.370 4.320 161.603
487.390 4.050 160.798
487.400 4.170 170.314
487.410 4.340 174.824
487.430 4.360 155.602
487.440 4.350 168.553
487.490 4.310 151.474
487.500 4.460 163.509
487.560 4.440 154.872
487.570 4.450 138.988
487.590 4.490 163.134
487.610 4.310 153.945
487.630 4.170 160.337
487.670 4.480 158.566
487.680 4.420 158.268
487.750 4.360 151.400
487.780 4.410 154.475
487.790 4.480 172.324
487.810 4.400 160.251
487.890 4.250 169.850
487.920 4.370 155.946
487.930 3.990 171.014
487.940 4.260 150.087
487.960 4.330 145.210
487.970 4.210 151.645
487.990 4.360 159.992
488.000 3.790 152.897
488.010 4.330 137.620
488.040 4.460 176.365
488.080 4.150 142.116
488.090 3.890 158.261
488.110 4.310 167.270
488.120 4.240 158.333
488.170 4.340 159.449
488.200 4.140 134.611
488.210 4.300 175.795
488.230 3.980 142.612
488.270 4.470 158.848
488.370 4.270 159.988
488.430 4.450 122.816
488.440 4.470 139.339
488.580 4.490 164.766
488.600 4.170 150.513
488.670 4.140 159.545
488.700 4.400 125.760
488.710 4.100 121.362
488.750 4.450 158.013
488.760 4.380 165.703
488.810 4.010 153.673
488.880 4.240 147.394
488.940 4.440 139.177
488.980 4.460 171.176
488.990 4.490 138.730
489.020 4.440 124.568
489.120 4.370 148.645
489.130 4.410 145.996
489.150 4.180 157.192
489.170 4.160 134.525
489.180 4.230 126.882
489.190 4.430 161.966
489.200 3.900 150.337
489.210 4.480 176.483
489.250 4.310 165.218
489.280 4.120 156.629
489.290 3.980 137.394
489.300 4.330 158.656
489.310 3.970 143.383
489.320 3.830 125.761
489.340 3.990 173.883
489.350 4.270 154.419
489.360 4.340 172.941
489.380 4.150 149.355
489.410 4.330 153.101
489.420 4.170 160.127
489.430 4.230 169.038
489.440 4.330 171.403
489.480 4.220 147.582
489.490 4.110 146.601
489.500 4.150 155.932
489.510 4.140 144.189
489.520 3.920 151.198
489.540 4.400 153.923
489.750 4.490 140.842
489.830 3.970 122.701
489.840 4.460 170.286
489.850 4.180 158.402
489.860 4.070 150.320
489.870 4.120 143.000
489.880 4.040 138.338
489.890 4.120 131.895
489.910 4.190 145.844
489.920 4.090 167.409
489.960 3.940 154.741
489.970 4.340 172.655
489.980 4.230 129.068
490.020 4.280 160.095
490.270 4.040 143.997
490.280 3.890 129.775
490.290 4.100 150.900
490.300 4.260 160.954
490.310 4.110 142.909
490.330 4.130 142.833
490.350 3.910 140.954
490.370 4.260 160.817
490.420 4.180 163.331
490.450 4.060 127.856
490.470 4.210 124.100
490.500 4.150 130.154
490.510 4.220 127.755
490.530 4.220 131.383
490.610 4.240 154.944
490.620 3.850 156.062
490.630 4.310 170.559
490.640 4.300 163.637
490.690 4.350 161.412
490.720 4.280 169.694
490.730 4.320 169.271
490.740 4.200 150.851
490.750 4.050 130.720
490.770 4.280 128.587
490.790 4.380 146.574
490.820 3.870 165.217
490.840 4.340 160.084
490.850 4.310 168.965
490.860 4.210 166.989
490.870 4.110 151.326
490.880 4.450 175.260
490.890 3.880 147.985
490.900 4.380 157.403
490.920 4.340 158.983
490.970 4.250 146.513
490.980 4.340 165.964
490.990 4.170 156.825
491.030 4.280 126.216
491.060 4.420 167.348
491.100 4.180 121.485
491.150 4.490 147.368
491.170 3.980 138.768
491.180 4.270 157.432
491.220 4.260 151.272
491.270 4.310 161.675
491.280 4.180 153.820
491.540 4.390 163.784
491.580 4.480 166.327
491.590 4.370 152.248
491.600 4.490 175.204
491.610 4.470 162.617
491.630 4.190 139.167
491.640 4.040 134.536
491.660 4.260 148.915
491.710 3.910 151.812
491.720 3.970 165.688
491.880 4.100 152.418
491.890 4.280 157.782
491.900 4.190 160.550
491.920 4.460 156.862
491.930 4.190 173.985
492.020 4.390 172.778
492.130 3.930 147.764
492.140 4.230 157.676
492.150 4.390 162.432
492.160 3.640 145.731
492.170 4.370 175.245
492.180 3.800 153.737
492.230 3.930 156.602
492.240 4.270 173.061
492.250 4.350 161.984
492.260 4.350 160.430
492.270 4.350 163.769
492.280 4.300 171.225
492.290 4.020 154.837
492.300 4.150 164.026
492.310 4.330 152.766
492.330 4.350 163.905
492.340 4.470 137.041
492.350 4.120 160.937
492.370 4.200 130.517
492.380 4.290 156.002
492.390 4.460 162.486
492.720 4.180 167.742
492.730 4.490 140.874
492.740 4.110 136.277
492.760 4.000 139.356
492.780 4.350 165.309
492.790 4.030 151.000
492.800 4.120 150.059
492.810 4.150 162.958
492.820 4.180 139.238
492.840 4.150 167.246
492.850 4.130 146.443
492.860 4.280 156.810
492.870 3.760 147.717
492.880 4.390 167.815
492.900 4.340 168.120
492.920 4.290 144.638
492.930 4.080 141.179
492.940 4.200 120.780
492.950 4.390 165.478
493.030 4.060 150.123
493.220 4.440 134.463
493.230 4.040 124.493
493.600 4.320 125.482
493.830 4.250 163.641
494.020 4.450 150.944
494.030 4.260 124.518
494.170 4.470 164.454
494.200 4.440 145.330
494.260 4.170 140.724
494.290 4.360 151.283
494.350 4.190 163.651
494.360 4.250 169.698
494.420 4.170 148.315
494.580 4.420 170.208
494.630 4.480 151.649
494.670 4.420 150.007
494.710 4.310 155.864
494.730 4.430 148.122
494.740 4.100 165.989
494.750 4.400 155.734
494.760 4.160 154.699
494.790 4.240 144.987
494.810 4.040 126.679
494.820 3.930 135.621
494.840 4.300 153.714
494.850 4.350 157.502
494.860 4.490 155.281
494.930 4.490 169.475
494.980 4.440 164.170
495.030 3.900 128.741
495.050 4.080 139.319
495.060 4.250 159.918
495.090 4.270 157.987
495.100 4.270 168.240
495.130 4.480 145.904
495.140 4.190 147.754
495.200 4.490 134.752
495.210 4.270 159.001
495.270 4.170 141.194
495.280 4.460 162.279
495.300 4.330 162.005
495.310 4.290 168.372
495.320 4.290 168.949
495.340 4.340 151.037
495.430 4.380 140.858
495.450 4.250 145.603
495.460 4.470 128.279
495.470 3.910 128.268
495.540 4.240 135.951
495.570 4.450 130.152
495.660 4.280 146.205
495.670 4.390 135.717
495.740 4.370 157.870
495.770 4.280 157.839
495.790 4.410 161.993
495.810 4.280 133.165
495.970 4.300 142.965
495.980 4.300 145.708
496.010 4.260 125.276
496.050 4.310 130.022
496.190 4.320 153.077
496.230 4.460 120.508
496.240 4.370 120.964
496.280 4.160 128.438
496.330 4.370 144.488
496.530 4.320 159.173
496.550 4.390 157.179
496.560 4.480 149.308
496.570 4.060 130.967
496.590 4.230 126.433
496.600 4.330 121.053
496.620 4.360 151.313
496.640 4.460 122.449
496.700 4.240 133.361
496.720 4.470 143.371
497.600 4.180 135.820
497.630 4.300 138.110
497.640 4.230 162.550
497.690 4.370 142.206
497.730 4.370 126.362
497.780 4.410 142.325
497.800 4.380 140.682
497.830 4.400 136.493
497.860 3.890 124.487
497.960 4.240 130.567
497.990 4.010 136.001
498.080 4.420 126.954
498.380 4.390 123.967
498.420 4.340 140.861
498.430 4.220 140.489
498.440 3.880 148.954
498.450 3.870 155.888
498.460 4.310 164.597
498.470 4.390 124.068
498.500 4.390 166.838
498.510 4.150 135.330
498.520 4.350 139.980
498.560 3.780 132.281
498.690 4.320 173.518
498.710 4.410 134.604
498.760 4.290 143.918
498.790 4.440 169.768
498.800 4.480 156.513
498.850 4.090 142.913
498.860 4.150 150.315
498.880 4.410 168.203
498.910 4.450 136.819
498.960 4.110 156.799
499.030 4.370 138.896
499.040 4.020 127.270
499.270 4.420 141.642
499.280 4.260 171.411
499.290 4.110 147.362
499.300 4.280 126.352
499.310 4.160 173.374
499.330 4.490 161.282
499.410 4.290 171.379
499.420 4.340 152.570
499.430 4.450 150.880
499.450 4.390 141.125
499.570 4.440 146.501
499.580 4.480 161.263
499.690 4.450 146.485
499.940 4.300 160.210
500.000 4.070 137.417
500.020 4.330 144.772
500.140 4.280 134.986
500.180 4.400 129.399
500.190 4.390 147.979
500.230 4.190 140.903
500.260 4.050 162.905
500.280 4.350 137.376
500.300 4.360 165.983
500.310 4.330 128.737
500.320 4.300 138.095
500.330 4.130 127.490
500.380 4.280 124.919
500.430 4.180 147.154
500.450 4.200 125.387
500.500 4.170 130.197
500.530 4.290 154.428
500.580 4.380 131.671
500.660 4.490 125.897
500.780 4.260 125.107
500.790 4.350 142.921
500.800 4.400 132.335
500.810 4.470 127.029
500.820 4.200 127.908
500.830 4.220 144.257
500.860 4.270 140.845
500.870 4.060 136.449
501.010 4.070 137.051
501.020 4.220 168.338
501.080 4.280 144.985
501.180 4.390 142.010
501.240 4.300 127.531
501.250 4.090 144.653
501.280 4.380 128.924
501.300 4.330 133.160
501.310 4.400 126.682
501.670 4.380 133.707
501.770 4.230 142.533
501.930 4.150 131.789
501.970 4.230 124.104
501.980 4.430 137.352
501.990 4.280 128.154
502.040 4.210 132.189
502.090 4.260 148.974
502.100 4.130 125.920
502.290 4.390 135.304
502.470 4.230 121.708
502.600 4.180 141.831
502.620 4.440 158.358
502.690 4.440 127.553
502.750 4.440 135.878
502.800 4.350 143.323
502.850 4.220 129.596
502.860 4.430 137.806
502.920 4.280 131.453
502.970 4.400 136.303
502.990 4.100 143.239
503.020 4.360 122.018
503.130 4.110 147.783
503.150 4.440 151.969
503.180 4.470 142.711
503.310 4.400 136.264
503.450 3.920 140.580
503.480 4.170 138.950
503.650 4.450 157.292
503.680 4.030 157.068
503.690 3.850 173.106
503.700 4.190 143.937
503.710 4.380 171.693
503.720 4.230 159.090
503.740 4.360 164.791
503.950 4.140 162.224
503.960 4.150 145.469
503.980 4.240 168.655
504.030 4.360 163.836
504.200 3.920 167.014
504.210 4.260 136.593
504.280 4.290 136.792
504.310 4.330 157.392
504.370 4.460 144.648
504.540 4.120 126.659
504.560 4.390 141.815
504.570 4.230 133.711
504.580 4.230 151.409
504.590 4.250 153.904
504.610 4.320 172.973
504.620 4.180 128.344
504.700 4.160 136.651
504.710 3.760 122.804
504.760 4.080 151.557
504.860 4.450 156.524
505.170 4.490 160.102
505.220 4.390 166.818
505.230 3.930 163.553
505.250 4.320 171.467
505.260 4.290 146.074
505.330 4.380 159.625
505.490 4.080 156.430
505.500 4.370 160.892
505.540 4.080 162.801
505.550 4.400 145.386
505.560 4.250 167.421
505.580 4.210 166.172
505.940 4.080 137.456
505.980 4.350 161.913
506.040 4.390 127.692
506.080 4.310 150.427
506.120 4.050 137.099
506.160 4.300 137.710
506.180 4.260 122.635
506.200 4.450 172.934
506.310 4.400 147.837
506.340 3.960 126.656
506.380 4.460 148.160
506.390 4.280 163.690
506.430 4.470 175.175
506.480 4.200 168.507
506.500 3.870 156.157
506.510 4.030 145.015
506.540 4.480 131.014
506.640 4.430 154.972
506.660 4.380 167.872
506.730 4.260 131.810
506.740 4.240 137.027
506.810 4.490 131.699
506.830 4.060 153.089
506.840 4.340 151.870
506.860 4.280 124.101
506.870 3.850 166.156
506.930 3.880 162.292
507.140 4.180 145.613
507.220 4.330 171.600
507.490 4.260 135.503
507.500 4.200 145.720
507.520 4.040 139.475
507.570 4.050 158.765
507.580 4.160 164.007
507.590 4.110 148.477
507.600 4.270 154.794
507.620 4.100 133.889
507.730 4.350 142.917
507.810 4.450 147.035
507.830 4.040 120.737
507.840 4.480 159.999
507.860 4.180 149.097
507.890 4.280 141.681
507.900 4.490 154.537
507.910 4.480 145.317
507.920 4.120 175.163
507.950 4.490 155.623
508.000 4.350 144.774
508.040 4.400 169.502
508.050 4.470 151.696
508.070 3.970 133.495
508.140 4.060 138.113
508.150 4.350 143.601
508.160 3.990 138.480
508.170 4.070 159.409
508.180 4.180 128.173
508.250 3.990 172.214
508.260 4.040 169.033
508.320 4.370 132.056
508.330 4.450 156.493
508.450 4.380 131.170
508.470 3.800 139.806
508.490 3.970 121.634
508.500 4.300 167.152
508.530 4.240 137.019
508.540 4.480 148.447
508.590 4.350 152.888
508.600 4.340 154.167
508.610 4.440 155.626
508.630 4.400 126.253
508.650 4.380 163.422
508.670 4.060 125.785
508.710 4.440 124.704
508.820 4.330 122.771
509.050 4.430 123.364
509.070 4.240 126.818
509.130 4.300 142.685
512.510 4.190 160.702
512.520 4.270 144.385
514.470 4.490 124.253
514.510 4.300 141.405
514.520 4.300 141.605
514.560 4.310 131.848
514.580 4.170 145.293
514.600 4.360 151.679
514.620 4.230 147.579
514.630 4.330 152.385
514.640 4.340 151.673
514.650 4.250 157.960
514.660 4.080 141.767
514.670 4.480 143.733
514.680 3.940 165.103
514.890 4.380 140.371
514.910 3.980 140.162
514.920 4.210 149.267
514.930 4.360 144.073
514.960 4.100 158.583
514.970 4.110 151.497
514.980 4.440 139.046
514.990 3.910 136.791
515.000 4.220 151.592
515.010 4.290 146.074
515.020 4.430 137.696
515.030 4.200 124.076
515.070 4.480 128.163
515.080 4.490 129.734
515.090 4.240 144.694
515.100 4.350 144.863
515.110 4.360 149.969
515.120 4.050 141.318
515.130 3.860 131.691
515.150 4.130 131.375
515.180 4.460 135.181
515.200 4.340 134.895
515.230 4.380 133.522
515.250 4.480 163.877
515.270 4.160 156.503
515.280 4.100 150.080
515.290 4.100 162.046
515.300 4.450 150.245
515.320 4.310 128.359
515.360 3.880 146.758
515.370 4.430 146.218
515.400 4.300 135.438
515.490 4.190 149.710
515.520 4.200 156.599
515.630 4.130 135.610
515.640 4.180 144.928
515.660 4.180 154.469
515.670 4.470 155.646
515.730 4.170 146.699
516.690 4.490 165.646
516.720 3.940 136.841
516.790 4.250 123.959
516.800 4.280 124.525
516.810 4.240 142.390
516.970 4.340 145.767
516.980 4.220 137.084
516.990 4.420 149.945
517.000 4.100 132.237
517.090 4.180 140.160
517.100 4.330 126.701
517.110 4.440 150.160
517.190 4.470 146.377
517.220 4.340 134.281
517.230 4.420 152.952
517.240 4.470 156.755
517.250 4.400 150.874
517.280 4.070 148.727
517.360 4.150 153.919
517.380 4.120 141.499
517.390 4.190 124.514
517.480 4.400 140.437
517.660 4.380 154.678
517.930 4.350 129.559
517.980 4.010 157.961
518.220 4.220 167.321
518.570 4.390 146.005
518.590 4.080 163.700
518.600 4.140 142.193
518.610 4.140 146.935
518.770 4.120 143.193
518.790 4.430 159.910
518.800 4.420 137.667
518.820 4.190 126.260
518.840 4.000 123.348
518.850 4.160 140.926
518.860 4.450 140.299
518.980 4.250 125.582
519.120 4.180 161.029
519.240 4.410 144.801
519.290 4.440 145.556
519.400 4.300 137.391
519.430 4.130 147.775
519.440 4.060 127.676
519.450 4.370 145.546
519.550 4.410 151.244
519.670 4.350 155.557
519.690 4.250 150.274
519.710 4.420 120.009
519.730 4.200 154.873
519.740 4.200 151.754
519.750 4.320 156.343
519.760 4.180 139.680
519.770 4.300 170.368
519.780 4.390 158.476
519.800 3.870 132.640
519.810 3.580 140.331
519.820 4.070 120.282
520.120 4.360 169.292
520.130 4.020 136.369
520.210 4.160 157.742
520.580 4.440 144.624
520.700 4.260 151.209
520.930 4.230 169.731
520.950 4.370 167.622
521.000 4.140 137.948
521.010 4.160 159.981
521.020 4.420 170.220
521.030 4.470 164.414
521.060 4.060 142.543
522.670 4.370 176.564
522.680 4.380 154.737
522.730 4.380 152.498
522.750 4.450 160.891
522.830 4.470 126.755
522.840 4.350 123.711
522.900 4.270 165.522
522.980 3.730 149.070
522.990 4.110 121.443
523.020 4.300 163.349
523.040 4.180 130.160
523.050 4.280 126.600
523.060 3.700 139.900
523.070 3.730 138.238
523.110 4.170 147.523
523.120 4.190 158.340
523.130 4.380 152.882
523.300 4.040 138.462
523.510 4.420 153.372
523.520 4.240 127.048
523.530 4.050 157.418
523.650 4.230 129.756
523.660 4.390 129.051
523.670 3.960 131.938
523.690 4.160 141.808
523.700 3.930 156.246
523.860 4.470 154.091
523.880 3.990 139.945
523.910 4.260 167.913
523.940 4.070 161.962
523.950 3.880 135.104
523.970 4.210 147.165
524.280 4.140 151.073
524.290 4.400 158.067
524.320 3.920 124.324
524.340 4.000 146.740
524.350 4.370 154.059
524.360 4.460 172.758
524.380 4.360 152.839
524.400 3.930 145.257
524.410 4.130 155.597
524.420 4.480 162.066
524.430 3.940 131.882
524.450 4.240 129.674
524.460 4.260 164.003
524.570 4.380 153.950
524.600 4.110 123.275
548.090 4.480 155.285
548.100 4.470 152.030
548.130 3.880 158.273
548.140 4.140 153.043
548.150 4.110 160.601
548.170 4.170 149.445
548.180 4.250 161.515
548.200 4.290 154.920
548.210 4.480 130.105
548.270 4.350 146.633
548.280 4.050 136.225
548.290 4.010 134.373
548.330 4.440 133.690
548.340 4.490 146.164
548.350 4.480 151.423
548.380 4.470 144.087
548.470 4.120 124.529
548.480 3.860 144.405
548.490 4.100 131.658
548.500 4.480 129.807
548.520 4.440 132.943
548.550 3.990 139.776
548.570 3.980 132.308
548.580 4.040 148.608
548.590 3.950 121.950
548.600 4.400 138.912
548.610 4.480 146.322
548.830 4.430 139.873
548.840 4.260 149.671
548.890 4.470 144.028
548.910 4.420 140.850
548.940 4.300 135.208
548.950 4.040 144.456
548.960 4.160 138.139
548.970 3.940 158.689
548.980 4.160 131.728
548.990 4.460 134.179
549.000 4.280 135.698
549.060 4.030 135.252
549.070 4.040 126.404
549.080 4.230 141.101
549.090 3.960 131.490
549.100 4.040 143.801
549.110 3.520 144.226
549.120 3.680 144.821
549.130 3.870 143.099
549.140 4.130 138.548
549.160 3.970 145.471
549.170 4.180 137.484
549.180 4.330 132.035
549.220 4.220 161.251
549.230 4.240 152.676
549.240 4.150 125.245
549.250 4.290 128.464
549.260 4.140 158.976
549.270 4.110 153.898
549.280 4.480 128.367
549.300 4.050 128.723
549.320 4.340 132.362
549.330 4.090 140.642
549.410 4.370 135.479
549.440 4.350 131.017
549.450 4.100 141.504
549.540 4.050 146.697
549.580 4.410 135.656
549.620 4.150 130.577
549.630 4.220 127.125
549.730 4.370 156.496
549.750 4.420 135.670
549.770 4.100 149.955
549.790 4.020 151.370
549.800 4.360 138.175
549.810 4.340 140.620
549.820 4.350 124.794
549.830 3.710 141.363
549.840 4.190 152.913
549.870 4.190 136.899
549.890 4.330 132.164
549.910 4.430 126.746
549.940 4.310 135.482
549.950 4.230 145.632
549.960 4.310 134.539
549.970 4.200 125.830
549.980 4.140 142.788
549.990 4.300 147.393
550.040 4.490 137.473
550.050 4.170 163.501
550.080 4.410 131.980
550.090 4.190 129.327
550.230 4.050 152.072
550.240 4.080 147.331
550.270 4.440 143.896
550.370 4.490 138.405
550.390 4.430 147.399
550.400 4.030 170.020
550.410 4.370 144.258
550.450 4.480 154.164
550.460 4.300 147.896
553.300 4.440 134.927
553.320 4.340 142.561
553.440 4.460 164.646
553.490 4.490 140.023
553.640 4.490 159.022
560.490 4.240 130.805
560.510 4.030 136.289
560.580 4.100 128.824
560.630 4.360 138.105
560.710 4.290 148.531
560.720 4.180 133.873
560.760 4.200 130.762
560.770 4.430 141.515
560.810 4.370 126.464
560.870 4.290 128.983
560.950 4.470 133.136
560.970 4.180 123.081
561.010 4.300 154.899
561.050 4.470 140.044
561.280 4.330 123.735
561.360 4.340 121.770
561.400 4.180 161.045
561.410 4.380 126.147
561.420 4.420 130.571
561.430 4.310 121.169
563.090 4.470 153.939
563.230 4.290 159.880
563.240 4.290 154.683
563.260 4.350 159.753
563.270 4.230 157.751
563.300 4.190 153.355
563.310 3.820 131.701
563.320 4.080 157.639
563.330 4.160 151.787
563.340 4.250 151.681
563.350 4.010 145.308
563.430 4.370 139.763
563.440 4.150 147.256
563.450 4.480 151.914
563.460 4.210 161.448
563.550 4.490 163.821
563.560 4.310 154.378
563.570 4.460 169.193
563.580 4.390 152.566
572.330 4.330 167.433
572.590 4.250 154.434
572.640 4.340 158.459
572.650 4.330 153.025
572.660 4.250 141.254
572.680 4.470 134.785
572.690 4.470 153.885
572.710 4.470 143.517
572.860 4.260 152.010
572.880 4.280 163.398
572.890 4.440 174.490
573.090 4.420 132.776
573.100 4.370 179.045
573.130 4.490 151.459
573.140 4.330 165.802
573.160 4.280 159.346
573.210 3.870 132.012
573.250 4.280 139.950
573.290 4.470 146.014
573.480 4.250 162.823
573.540 4.200 135.017
573.550 4.170 134.812
573.570 4.000 152.130
573.580 4.290 150.198
573.660 4.020 161.551
573.670 4.380 166.472
573.790 4.450 144.107
573.850 4.280 133.240
573.970 4.020 123.552
573.990 4.080 160.131
574.030 4.370 166.557
574.040 4.150 146.374
574.050 4.000 154.874
574.270 4.390 127.830
574.340 4.490 170.144
574.440 4.350 144.788
574.450 4.400 158.189
574.460 4.270 125.104
574.470 4.060 156.238
574.500 4.250 135.779
574.510 4.110 122.331
574.570 4.450 144.045
574.700 4.130 141.360
574.710 4.070 133.490
575.060 4.330 156.489
583.200 4.440 145.959
583.270 4.460 163.045
583.740 4.340 126.388
584.040 4.280 123.336
584.140 4.170 143.860
584.150 3.940 141.734
584.160 4.000 126.849
584.170 4.240 168.947
584.350 3.950 121.175
584.370 4.200 133.413
584.530 4.480 123.414
584.620 4.060 146.303
584.640 4.150 134.759
584.650 4.160 124.546
589.920 4.380 124.726
589.990 4.450 125.276
590.020 4.480 152.425
590.060 4.290 136.961
590.090 4.360 147.706
590.110 4.370 143.173
590.120 4.430 151.986
590.160 4.430 132.895
590.170 4.080 130.653
590.180 4.220 123.599
590.190 4.220 154.120
590.200 4.460 156.198
590.210 4.490 146.954
590.220 3.960 145.603
590.230 4.230 136.939
590.250 4.470 133.455
590.270 4.320 126.054
590.280 4.360 160.001
590.310 4.360 143.355
590.360 4.100 132.820
590.370 3.920 143.196
590.380 4.170 126.161
590.390 4.280 159.128
590.400 3.820 150.606
590.510 4.060 139.218
590.520 4.360 147.264
590.550 4.360 141.023
590.560 4.320 140.955
590.570 4.420 128.144
590.590 4.220 122.109
590.620 4.020 151.528
590.630 4.320 151.497
590.680 4.220 154.253
590.720 4.460 148.847
590.770 4.480 142.041
590.790 4.280 146.216
590.860 4.270 123.637
590.870 4.400 126.909
590.880 4.310 125.584
590.890 4.150 138.454
590.910 4.360 154.987
590.920 4.450 138.469
590.930 4.460 130.637
590.940 4.000 139.413
590.950 4.320 155.761
591.120 4.090 143.868
591.140 4.400 137.145
591.150 4.270 133.498
591.160 4.080 131.450
591.210 4.010 132.228
591.220 3.900 145.391
591.230 3.960 146.222
591.260 4.280 139.367
591.300 4.390 137.651
591.320 4.490 129.066
591.330 4.010 129.984
591.340 4.200 154.071
591.360 4.100 161.136
591.470 4.300 135.135
591.480 4.280 139.293
591.490 4.030 129.620
591.500 3.980 138.718
591.510 4.370 126.983
591.520 4.370 139.704
591.540 4.190 153.742
591.560 4.180 124.605
591.570 4.480 124.902
591.580 4.450 130.881
591.720 4.100 126.119
591.740 4.070 132.193
591.790 4.150 143.985
591.830 4.140 144.009
591.840 4.020 128.600
591.860 4.250 121.176
591.880 4.160 144.472
591.900 4.260 143.392
591.910 4.070 127.280
591.920 3.950 131.136
591.930 4.220 146.792
591.950 4.320 149.752
592.050 4.190 144.906
592.150 4.200 135.316
593.880 4.470 173.179
593.890 4.250 166.976
593.900 4.400 162.651
593.910 4.240 163.222
593.920 4.360 172.335
593.930 4.350 173.801
594.150 3.950 159.400
594.210 4.090 128.377
594.220 4.240 149.220
594.260 4.460 154.035
594.300 4.350 141.677
594.710 4.320 155.415
594.740 4.170 135.746
594.810 4.200 147.493
594.900 4.430 169.648
594.930 4.370 159.854
594.950 4.410 154.893
595.050 4.400 120.105
595.070 4.020 150.593
595.090 4.440 136.404
595.240 4.370 127.277
595.270 4.340 135.480
595.320 4.250 126.360
595.340 4.430 168.580
595.400 4.480 121.858
595.420 4.390 127.828
595.470 3.970 142.377
595.510 4.340 145.941
595.530 4.020 155.384
595.620 4.260 149.972
595.730 4.450 128.312
595.810 4.060 122.291
595.830 4.430 121.314
595.840 4.260 145.122
595.860 4.160 146.384
595.870 4.440 146.573
595.880 4.400 151.773
595.920 4.460 122.428
596.300 4.450 154.473
596.310 4.190 164.216
596.320 4.220 150.355
596.340 4.260 144.668
596.550 4.280 142.319
596.560 4.350 137.041
596.570 4.330 178.440
596.580 4.160 171.368
596.600 4.240 166.932
596.610 4.420 167.136
596.620 4.400 142.572
596.630 4.370 131.932
596.640 4.180 155.551
596.650 4.460 159.314
596.660 4.350 155.685
596.680 4.120 166.363
596.700 4.350 161.786
596.710 4.080 162.132
596.730 4.010 154.977
596.740 4.490 167.147
596.750 4.220 163.050
596.770 4.210 138.321
596.780 4.480 162.357
596.800 4.200 158.303
596.820 3.790 127.561
596.830 4.260 141.102
596.840 3.920 161.705
596.880 4.380 157.797
596.920 4.120 133.832
596.930 4.110 136.904
596.950 3.840 137.467
596.960 4.310 146.954
596.970 4.370 169.955
597.010 4.280 163.966
597.290 4.040 140.544
597.300 4.410 150.320
597.510 4.070 163.110
597.520 4.220 150.410
598.170 4.310 154.989
598.180 4.080 147.259
598.250 4.410 146.177
598.260 4.430 144.844
601.690 3.860 168.372
601.700 4.050 142.546
601.950 3.740 153.124
601.960 4.040 177.460
601.970 4.300 159.510
601.990 4.430 158.119
602.180 4.460 147.900
602.200 3.930 145.770
602.510 4.240 125.734
602.520 4.430 154.699
602.540 4.350 156.625
602.570 4.310 159.943
602.580 4.270 163.550
602.590 4.340 158.648
602.600 4.090 139.903
602.610 4.160 135.495
602.630 4.420 157.409
602.650 4.480 167.924
602.660 4.130 133.753
602.690 4.350 152.965
602.700 4.350 146.076
602.730 4.330 149.805
602.740 4.230 150.023
602.750 4.280 124.443
602.760 4.430 146.918
602.780 3.850 150.121
602.790 4.290 162.401
602.800 4.280 166.332
602.820 4.360 151.211
602.840 4.280 155.072
602.870 4.440 164.475
602.890 4.320 160.718
602.980 3.970 152.949
602.990 4.250 138.526
603.000 4.280 125.651
603.020 4.240 162.568
603.030 4.130 126.439
603.100 4.490 162.633
603.200 4.320 161.849
603.210 4.290 142.568
603.230 4.350 130.093
624.080 4.450 143.904
624.710 4.450 137.430
631.740 4.450 141.836
631.750 4.150 136.587
631.760 3.970 137.448
631.770 3.990 144.476
631.780 4.270 134.753
631.790 4.240 140.567
631.810 4.190 123.731
631.820 4.180 123.235
631.830 4.130 137.001
631.860 4.380 155.916
631.880 4.020 140.112
631.910 4.140 127.859
631.950 4.480 127.362
631.970 4.400 143.911
631.980 4.380 126.892
632.010 4.360 151.409
632.050 4.130 153.289
632.100 3.830 145.358
632.110 3.960 142.609
632.160 4.200 129.717
632.180 4.310 135.706
632.210 4.480 143.573
632.220 4.410 137.798
632.230 4.240 136.305
632.240 4.390 155.813
632.280 4.070 121.405
632.310 4.100 135.881
632.320 4.130 126.161
632.340 4.320 126.588
632.350 4.480 130.055
632.360 4.050 159.332
632.370 4.130 121.964
632.380 4.030 130.078
632.390 4.140 128.508
632.420 4.110 144.361
632.440 4.030 127.744
632.450 4.220 123.446
632.460 4.180 143.888
632.480 4.120 141.910
632.520 4.200 142.884
632.540 4.240 129.686
632.550 4.210 136.605
632.560 4.130 139.701
632.570 4.030 144.659
632.580 3.850 137.966
632.590 3.800 146.454
632.610 4.010 152.625
632.630 4.360 160.557
632.640 3.940 149.336
632.650 4.100 152.126
632.660 4.070 161.599
632.680 4.420 130.443
632.850 4.330 142.862
635.060 4.260 135.425
635.360 4.480 132.712
642.240 4.430 145.311
642.250 4.490 151.640
642.260 3.940 132.284
663.900 4.070 126.043
663.910 4.170 126.099
663.940 3.780 125.149
663.950 4.360 132.343
663.990 3.900 151.287
664.000 3.840 133.203
664.020 3.480 122.483
664.030 4.070 135.770
664.040 4.060 141.843
664.080 3.710 130.680
664.090 3.530 122.388
664.120 3.820 152.680
664.130 3.650 132.176
664.150 3.910 143.926
664.180 3.860 135.297
664.190 3.900 132.409
664.200 4.020 124.621
664.210 4.010 148.018
664.220 3.960 123.696
664.230 3.510 130.685
664.240 4.020 125.935
664.250 3.640 138.294
664.260 3.860 129.146
664.270 3.750 134.598
664.280 4.040 137.314
664.290 3.760 142.462
664.300 4.110 150.874
664.350 3.610 121.178
664.360 3.550 132.290
664.370 3.630 136.227
664.380 3.710 142.783
664.400 4.270 131.080
664.410 4.390 124.858
664.420 4.460 149.195
664.440 3.700 126.356
664.450 4.080 154.672
664.460 3.740 131.150
664.470 3.630 124.889
664.480 3.800 142.746
664.490 3.770 144.421
664.500 3.410 131.624
664.510 4.440 121.152
664.530 3.550 123.514
664.550 3.760 141.528
664.560 3.500 126.970
664.570 3.560 132.667
664.580 4.450 140.225
664.600 4.090 125.520
664.610 4.240 123.571
664.680 3.450 133.595
666.570 4.340 125.521
666.580 4.380 146.352
666.600 3.700 157.896
666.610 3.930 157.385
666.620 4.460 141.518
666.640 4.150 141.662
666.660 4.370 153.965
666.680 4.120 165.765
666.690 4.170 147.166
666.700 4.030 156.042
666.710 4.440 144.532
666.720 4.250 156.601
666.730 4.350 148.510
666.750 4.050 156.112
666.780 4.340 130.788
666.790 4.280 158.294
666.810 4.240 157.775
666.820 4.340 132.155
666.840 4.290 157.809
667.370 4.240 125.142
667.430 4.150 147.504
667.490 4.280 120.007
