# time(ns) distance (A) angle (deg)
84.610 2.330 82.862
85.350 2.480 95.565
116.440 2.790 87.505
142.270 2.040 81.627
142.300 1.950 103.050
142.310 1.800 96.081
142.320 2.100 104.391
142.330 1.860 113.414
142.340 1.950 109.319
142.350 2.120 103.632
142.360 1.680 101.366
142.370 1.980 106.575
142.380 2.150 101.534
142.400 2.170 104.812
142.590 2.700 81.216
142.870 1.930 101.136
142.880 1.970 88.293
142.890 2.380 97.908
142.900 2.120 90.008
142.910 1.910 90.951
142.920 2.020 96.484
142.930 1.870 93.913
142.940 1.900 93.238
142.950 1.900 95.017
143.080 2.470 94.892
143.100 2.300 96.571
143.130 2.100 113.140
143.270 2.140 111.531
143.360 1.900 94.108
143.440 2.080 117.207
143.450 2.030 96.800
143.460 1.860 100.615
143.470 1.930 108.340
143.480 2.160 102.415
143.490 1.900 91.940
143.500 1.930 90.354
143.510 1.970 86.695
143.520 1.990 86.962
143.530 2.040 87.075
143.540 1.990 94.109
143.550 2.030 105.213
143.560 2.020 85.221
143.570 1.770 95.287
143.580 1.990 94.884
143.590 1.850 83.187
143.600 1.940 84.938
143.610 1.890 86.310
143.620 1.980 83.224
143.630 1.940 93.109
143.640 2.180 98.286
143.650 2.010 99.010
143.660 2.080 102.492
143.670 2.030 97.094
143.680 1.820 90.012
143.690 1.990 106.727
143.770 1.960 103.365
143.780 2.150 92.768
143.790 1.970 95.986
143.800 2.150 91.904
143.860 2.530 126.963
143.870 2.000 97.510
143.880 2.170 94.866
143.890 2.380 91.596
143.900 2.040 84.902
144.000 2.020 89.169
144.010 1.920 83.875
144.240 1.940 93.256
144.250 1.870 84.242
144.260 2.390 96.952
144.290 1.880 96.250
144.300 2.030 93.254
144.310 1.960 104.510
144.320 2.110 108.613
144.330 1.870 101.467
144.340 1.900 102.359
144.350 1.960 102.964
144.470 2.200 82.790
144.490 1.820 81.926
144.690 1.880 96.439
144.700 2.180 92.916
144.710 2.340 99.183
144.720 2.090 80.016
144.730 1.920 83.650
144.760 1.870 82.986
144.770 2.060 81.626
144.860 2.050 85.099
144.870 2.410 99.005
144.880 2.010 93.489
144.890 1.900 102.014
144.900 2.370 110.655
144.910 1.850 86.339
144.920 2.410 83.344
144.930 2.070 100.743
144.960 2.090 97.691
144.970 1.850 85.781
144.980 1.920 81.128
145.010 2.010 91.563
145.550 1.900 90.206
145.630 2.080 99.015
145.640 2.000 99.534
145.650 2.020 82.931
145.660 1.930 93.584
145.670 2.100 97.842
145.690 1.980 99.685
145.700 2.230 94.012
145.710 1.930 88.578
145.720 2.040 97.993
145.740 1.960 81.427
145.750 2.210 88.305
145.760 2.320 96.315
146.020 1.780 94.986
146.030 2.090 98.873
146.040 1.930 91.918
146.050 2.180 102.691
146.070 2.150 95.055
146.080 2.460 86.644
146.180 2.500 104.309
146.190 2.670 117.750
146.200 2.000 100.611
146.210 1.980 122.796
146.220 2.390 113.262
146.230 2.090 108.070
146.240 1.980 109.910
146.250 2.180 94.952
146.260 1.980 98.916
146.270 2.140 96.446
146.280 2.300 110.339
146.420 1.910 109.591
146.430 1.880 89.648
146.440 1.940 103.515
146.640 1.980 96.795
146.650 1.940 84.627
146.660 1.890 101.820
146.670 1.980 89.395
146.680 2.210 102.120
146.930 2.770 117.187
147.000 1.830 93.066
147.010 1.890 101.717
147.020 2.170 101.222
147.030 2.160 106.352
147.040 1.790 111.110
147.130 1.830 95.436
147.140 1.790 109.820
147.150 2.200 96.365
147.160 2.020 89.655
147.170 1.960 111.132
147.180 1.990 102.918
147.190 2.260 129.658
147.200 1.920 87.512
147.210 1.890 102.568
147.220 2.230 111.010
147.230 2.190 104.036
147.240 2.130 102.804
147.250 2.060 92.438
147.260 2.100 108.501
147.270 2.380 111.859
147.280 2.170 105.232
147.290 1.910 85.401
147.300 1.990 109.195
147.310 2.430 112.299
147.320 1.840 91.283
147.330 1.890 88.846
147.340 2.150 94.623
147.350 2.060 99.742
147.360 1.950 105.288
147.370 2.270 113.627
147.380 2.360 108.422
147.390 2.110 109.524
147.400 1.860 99.348
147.500 2.420 119.803
147.550 2.680 100.838
147.570 2.590 91.540
147.590 2.770 95.009
148.000 1.900 92.346
148.010 2.770 122.097
148.020 2.410 107.422
148.040 1.930 86.606
148.050 1.980 113.046
148.060 1.970 105.552
148.070 2.190 111.096
148.080 2.080 111.942
148.090 1.940 99.829
148.100 2.000 121.029
148.110 2.110 94.150
148.120 2.020 95.920
148.130 2.200 109.558
148.140 2.070 108.998
148.150 2.560 102.884
148.160 2.320 103.745
148.170 2.000 104.414
148.180 1.970 103.229
148.260 2.640 82.081
148.340 1.820 101.653
148.350 1.950 91.184
148.360 1.920 94.384
148.370 2.070 96.372
148.610 2.110 99.437
148.620 2.050 103.393
148.630 1.910 94.423
148.640 2.050 85.312
148.650 1.920 101.777
148.660 2.190 89.643
148.670 1.910 93.926
148.680 2.370 95.418
148.690 2.230 106.613
148.700 1.980 92.908
148.710 2.470 103.760
148.720 2.030 97.743
148.730 2.060 94.175
148.740 2.540 110.684
148.750 1.930 99.378
148.760 1.980 98.919
148.770 2.510 108.131
148.780 1.940 85.778
148.790 1.970 90.227
148.800 2.230 85.161
148.810 1.820 92.098
148.820 2.390 112.412
148.830 2.150 104.883
148.840 2.130 95.314
148.850 2.080 95.000
148.860 1.900 87.017
148.870 2.050 96.678
149.040 1.960 90.389
149.050 2.130 107.119
149.060 1.990 87.844
149.070 2.040 99.841
149.080 2.160 102.927
149.090 1.940 117.127
149.100 1.920 97.782
149.110 2.200 106.975
149.120 2.150 119.539
149.130 1.900 99.198
149.140 2.280 112.120
149.150 2.110 109.705
149.160 2.030 108.565
149.170 2.300 83.415
149.180 2.240 115.503
149.190 2.060 95.412
149.200 2.010 110.863
149.210 2.410 112.439
149.220 2.250 101.683
149.230 2.240 102.687
149.240 2.280 104.117
149.250 2.020 120.881
149.790 1.930 92.859
149.800 1.830 105.656
149.810 1.980 106.877
149.820 2.240 127.242
149.830 1.800 107.378
149.840 2.080 83.371
149.850 1.930 112.168
149.860 2.480 109.117
149.870 1.990 89.348
149.880 1.950 110.369
149.890 1.990 113.008
149.900 2.060 95.916
149.910 2.000 95.565
149.920 2.360 107.885
149.930 2.080 97.779
149.940 2.030 102.534
149.950 2.230 103.579
149.960 2.090 103.782
149.970 1.900 93.519
149.980 1.950 91.664
149.990 1.800 105.370
150.000 2.000 104.165
150.010 1.970 112.076
150.020 2.170 112.831
150.030 2.360 117.578
150.040 1.990 95.178
150.050 1.870 85.975
150.060 1.840 95.996
150.070 1.990 100.257
150.080 2.190 93.073
150.090 2.020 99.926
150.100 2.250 126.086
150.110 2.020 116.414
150.120 1.910 111.601
150.130 1.940 110.510
150.140 1.890 82.012
150.150 2.090 110.564
150.160 2.440 115.167
150.170 1.930 102.368
150.180 2.020 101.750
150.190 2.250 111.033
150.200 1.910 83.009
150.210 2.100 102.276
150.220 2.110 116.607
150.230 2.000 109.947
150.260 2.030 110.469
150.270 1.950 87.613
150.280 2.230 98.502
150.290 2.040 109.879
150.300 1.880 107.048
150.310 2.060 100.685
150.320 2.050 107.181
150.330 2.030 100.827
150.340 2.200 107.362
150.350 2.190 107.485
150.360 2.050 113.868
150.370 2.160 106.326
150.380 2.110 113.342
150.390 2.250 103.889
150.400 2.520 120.436
150.410 1.960 98.188
150.420 2.260 101.717
150.430 1.910 105.248
150.440 1.950 97.715
150.450 2.140 114.476
150.460 2.010 105.158
150.470 2.030 102.253
150.480 1.900 100.069
150.490 1.990 94.770
150.500 2.090 104.693
150.510 2.030 102.310
150.520 2.680 111.608
150.530 2.090 119.769
150.540 2.250 98.213
150.550 1.820 99.245
150.560 1.970 104.520
150.570 2.000 109.548
150.580 2.000 96.819
150.590 1.930 116.291
150.600 1.850 90.411
150.610 1.980 105.186
150.620 1.860 101.690
150.630 1.840 101.124
150.650 2.250 106.597
150.670 2.240 97.207
150.720 2.240 127.926
150.730 2.180 116.108
150.740 1.880 94.893
150.750 2.170 100.131
150.760 1.900 117.217
150.770 1.950 87.587
150.780 2.270 103.989
150.790 1.930 101.068
150.800 2.720 102.101
150.810 1.870 88.457
150.880 2.400 92.217
151.070 2.380 90.642
151.080 1.940 87.420
151.090 2.190 84.777
151.100 1.850 88.258
151.110 2.100 104.193
151.120 1.970 102.186
151.130 2.070 81.489
151.140 2.560 109.439
151.150 2.590 125.114
151.160 1.990 103.753
450.150 2.390 88.443
450.190 2.120 82.020
450.280 2.710 91.427
450.910 2.750 84.465
451.030 2.730 82.293
451.170 2.610 86.928
451.280 1.940 100.551
451.340 2.100 104.356
451.360 1.960 86.097
451.670 2.750 98.863
451.810 2.250 82.666
451.960 2.720 83.037
451.970 2.700 89.922
452.010 2.620 88.236
452.020 2.450 94.944
452.030 2.610 81.143
452.090 2.760 86.514
452.150 2.670 119.873
452.190 2.780 111.687
452.320 1.940 80.673
452.330 2.480 104.469
472.410 2.660 97.826
473.300 2.280 83.586
473.430 2.780 80.995
476.060 2.330 81.900
476.260 2.490 89.364
476.440 2.640 89.528
476.450 2.160 119.612
476.470 2.710 85.576
476.480 2.600 87.200
476.490 1.890 94.372
476.590 2.480 88.734
476.770 2.280 108.538
480.890 2.730 93.138
481.000 2.540 108.589
486.300 2.090 92.435
486.310 2.400 102.502
486.320 1.910 92.019
486.340 1.970 99.103
486.350 2.050 95.228
486.360 1.880 109.383
486.370 1.990 107.249
486.380 2.170 111.809
486.420 2.410 99.663
486.430 2.700 118.848
486.440 2.540 118.868
486.450 2.070 108.162
486.480 2.100 100.773
486.490 1.990 103.406
486.510 2.390 96.479
486.520 1.880 105.108
486.530 2.420 88.125
486.540 2.260 109.229
486.560 2.360 110.868
486.580 2.710 111.218
491.890 1.990 92.347
506.460 1.930 86.088
506.480 1.840 83.920
506.520 2.030 84.635
506.540 1.850 87.968
506.590 2.240 88.616
506.650 1.850 112.240
506.660 1.900 99.005
506.790 1.970 82.825
506.800 2.260 92.128
506.830 2.000 121.248
506.840 2.000 96.556
506.850 1.960 125.109
506.940 2.120 87.048
506.950 2.490 104.439
506.980 1.970 83.104
506.990 2.400 91.539
507.010 1.790 82.282
507.050 2.030 129.611
507.060 2.260 137.427
507.070 2.680 151.182
507.080 2.050 103.424
507.110 2.110 91.501
507.130 2.340 100.375
507.160 2.270 97.070
507.180 2.250 89.317
507.230 2.290 99.152
507.250 2.380 100.216
507.270 1.930 90.111
507.300 2.150 95.105
507.340 1.880 88.379
507.370 1.870 82.919
507.450 2.450 135.286
507.460 2.520 150.190
507.500 2.600 157.422
514.540 2.630 92.378
514.560 2.590 106.140
514.570 2.010 81.671
514.580 2.220 94.446
514.660 2.140 118.094
516.690 2.200 87.029
523.360 2.740 108.635
525.650 2.500 87.381
525.670 2.080 132.621
525.680 2.040 123.795
525.690 1.970 122.203
525.700 1.940 109.110
525.710 2.160 135.650
525.720 2.600 128.556
525.730 2.510 98.137
525.750 2.380 102.500
525.760 2.090 120.512
525.770 2.220 113.083
525.840 1.750 93.023
533.030 2.650 84.558
541.400 2.460 91.138
550.000 2.740 95.943
550.050 2.490 113.374
656.140 1.920 88.600
656.200 2.580 80.035
656.490 2.070 96.078
656.550 2.230 86.861
656.570 2.050 98.976
656.580 1.940 105.254
656.590 1.990 92.879
656.600 1.940 91.797
656.610 1.900 94.414
656.620 1.850 88.293
656.630 1.960 120.977
656.640 2.160 105.124
656.650 1.720 87.033
656.660 2.050 96.232
656.670 1.960 117.033
656.680 2.100 113.968
656.690 1.930 93.274
656.700 1.860 94.149
656.710 1.780 93.520
656.720 1.930 105.578
656.730 2.000 97.135
656.740 2.030 109.270
656.750 1.910 121.431
656.760 2.170 95.435
656.770 2.070 99.672
656.780 1.860 111.953
656.790 2.270 101.195
656.800 2.010 105.787
656.810 2.270 94.635
656.820 2.090 83.118
661.790 2.760 103.387
