# time(ns) distance (A) angle (deg)
9.300 4.170 128.469
9.310 4.010 140.543
9.320 4.150 151.975
9.330 4.180 122.231
9.380 4.040 124.844
9.390 4.460 137.211
9.400 3.860 139.405
9.410 4.420 176.807
9.420 3.730 144.591
9.430 3.720 120.983
9.450 3.550 135.828
9.530 4.460 131.670
9.580 3.600 123.420
9.600 4.390 140.179
9.610 4.170 122.772
9.640 4.440 142.666
9.690 3.760 134.242
9.710 3.620 129.343
9.730 3.610 141.774
9.780 4.210 135.205
9.790 4.170 123.202
9.800 4.020 126.139
9.820 4.440 148.511
9.830 4.230 156.424
9.840 3.950 120.760
9.950 3.520 124.435
10.040 3.980 120.375
10.070 3.590 130.364
10.080 3.740 146.326
10.090 4.120 131.971
10.110 3.870 140.912
10.120 3.550 129.586
10.130 4.080 142.451
10.140 3.930 139.327
10.160 3.750 134.527
10.190 4.050 128.059
10.230 4.360 140.626
10.250 4.160 122.096
10.260 4.120 122.699
10.360 4.300 126.770
10.370 3.930 127.586
10.400 4.440 136.706
10.710 3.780 156.294
10.720 4.410 162.652
10.820 4.180 121.875
10.880 4.310 151.063
10.910 4.090 136.509
11.420 4.070 143.629
11.660 3.970 130.849
11.680 3.490 126.816
11.690 3.460 131.726
11.700 3.360 143.620
11.710 3.510 148.810
11.720 3.360 133.253
11.730 3.460 139.301
11.740 3.630 128.020
11.750 3.530 138.932
11.760 4.080 150.610
11.770 3.730 126.384
11.780 3.820 153.937
11.790 4.270 138.413
11.800 3.620 147.401
11.900 4.010 127.473
11.910 4.100 138.662
11.920 3.690 149.909
11.930 3.630 135.992
11.940 3.820 145.255
11.970 3.980 141.463
11.980 3.960 140.707
11.990 3.710 145.203
12.000 3.490 120.010
12.010 3.910 150.346
12.020 4.100 127.974
12.040 3.970 132.209
12.060 4.230 133.685
12.090 3.670 129.755
12.100 4.470 123.239
12.110 4.080 138.002
12.120 3.810 141.412
12.130 4.220 163.611
12.180 4.200 126.234
12.190 4.150 133.908
12.210 4.230 140.137
12.220 4.210 137.392
12.230 3.580 127.811
12.240 3.610 129.457
12.260 3.910 123.915
12.270 4.170 126.993
14.950 4.310 131.895
15.100 4.170 125.189
15.150 4.290 136.577
27.740 4.470 121.531
27.770 3.980 153.307
27.780 4.280 144.657
27.800 3.840 154.159
27.830 4.440 127.715
27.840 4.000 127.891
27.850 3.690 123.740
27.860 4.250 128.320
27.880 4.460 124.597
27.890 4.090 146.235
27.910 3.910 141.984
27.920 3.750 136.028
27.960 3.800 153.623
27.970 3.800 131.537
27.980 3.810 139.378
28.050 3.620 146.189
28.060 4.070 157.880
28.410 4.260 133.743
28.430 3.990 120.477
28.440 4.010 141.302
28.460 3.770 123.106
28.480 4.140 121.141
28.500 3.920 155.382
28.510 3.950 141.851
28.520 3.510 153.460
28.530 3.910 127.028
28.540 3.510 158.114
28.550 3.740 146.735
28.560 4.420 122.490
28.580 4.480 128.719
28.590 3.950 128.521
28.600 3.740 122.148
28.670 4.310 121.672
28.680 3.740 136.205
28.690 3.730 133.991
28.700 4.110 138.034
28.720 4.220 129.842
28.730 4.460 145.819
28.740 4.250 162.650
28.750 3.620 143.402
28.790 4.120 122.025
29.010 4.430 161.524
29.090 4.100 120.269
29.110 4.420 151.556
29.170 3.960 136.190
29.200 4.330 122.373
29.210 4.240 144.079
29.250 4.250 129.484
29.260 4.160 138.137
29.300 3.830 145.742
29.310 4.490 126.383
29.330 4.130 142.832
29.340 3.770 166.255
29.350 4.480 143.318
29.370 3.670 125.690
29.380 3.980 157.931
29.400 3.690 148.112
29.410 3.790 147.157
29.420 4.050 121.395
29.430 3.690 146.407
29.440 3.620 137.939
29.450 3.740 132.548
29.460 4.410 153.727
29.490 4.240 135.645
29.540 4.490 137.565
29.550 3.830 145.889
29.570 4.470 136.020
29.580 4.260 140.009
29.590 3.490 129.024
29.600 4.320 136.639
29.610 4.090 129.498
29.620 4.270 146.044
29.630 4.250 140.610
29.670 3.940 123.163
29.680 3.890 155.803
29.690 4.120 153.655
29.700 3.690 154.789
29.710 4.280 161.542
29.730 4.490 146.550
29.850 4.360 130.576
32.230 4.330 124.439
32.570 4.050 150.843
32.590 3.670 123.928
32.600 3.460 131.818
32.610 4.040 135.346
32.620 3.380 134.819
32.690 3.740 123.912
32.710 4.120 120.141
32.790 3.690 133.345
32.810 4.000 122.611
32.840 3.990 147.793
32.850 4.270 146.715
32.860 4.130 148.960
32.880 4.230 137.970
32.910 3.680 127.954
32.920 3.540 126.380
32.940 3.760 146.662
32.950 3.700 129.949
32.960 4.070 125.478
32.990 3.920 138.784
33.020 3.360 129.308
33.030 3.870 137.128
33.040 3.680 121.929
33.060 3.740 123.581
33.070 3.610 134.027
33.100 3.650 142.274
33.120 3.570 128.898
33.130 3.720 138.989
33.150 4.130 139.040
33.160 3.570 124.998
33.200 3.640 122.160
33.210 4.140 136.184
33.220 4.000 132.649
33.240 4.150 133.838
33.300 3.990 137.062
33.310 4.220 146.343
33.340 4.130 124.526
33.350 4.340 124.196
33.500 4.490 144.349
33.530 4.310 148.061
33.540 3.300 131.021
33.570 4.180 131.801
33.580 4.430 131.085
33.590 4.360 143.305
33.620 3.870 140.310
33.650 3.620 122.334
33.670 4.070 126.777
33.690 4.390 133.009
33.700 4.270 130.444
33.740 3.710 129.727
33.760 3.850 127.639
33.790 3.490 140.837
33.800 3.730 127.577
33.810 3.780 142.501
33.840 3.840 127.742
33.850 3.660 137.436
33.860 3.780 138.723
33.900 4.280 133.070
33.910 3.650 131.116
33.920 3.570 132.762
33.930 3.850 131.729
33.940 3.490 123.906
33.950 3.990 134.819
33.960 3.590 147.475
33.970 3.810 136.371
33.980 3.780 132.901
33.990 3.790 130.789
34.000 3.500 129.745
34.010 4.400 148.129
34.020 4.390 137.167
34.030 3.520 152.994
34.040 3.900 138.197
34.050 3.600 132.424
34.060 3.890 141.621
34.070 3.720 136.993
34.080 3.510 137.223
34.090 3.710 126.000
34.100 3.940 132.953
34.110 4.230 131.165
34.120 4.010 126.773
34.130 3.840 133.384
34.150 3.750 128.968
34.160 3.690 120.832
34.170 4.030 145.252
34.180 3.550 139.819
34.190 4.110 139.096
34.200 3.830 125.596
34.220 3.710 136.072
34.230 3.740 135.080
34.240 3.590 121.732
34.260 3.510 143.534
34.270 4.260 136.551
34.280 3.700 135.710
34.290 4.470 145.735
34.300 4.230 156.398
34.310 4.270 152.511
34.320 4.140 146.810
34.330 3.950 146.630
34.340 4.270 140.422
34.410 4.400 132.728
34.430 4.450 124.512
34.480 3.920 152.056
34.490 4.050 152.449
34.500 3.930 142.139
34.510 3.500 150.742
34.520 4.130 144.793
34.530 4.140 141.014
34.550 4.170 146.850
34.560 3.900 129.635
34.570 3.340 128.282
34.580 3.930 134.625
34.590 4.090 142.758
34.600 3.820 126.900
34.610 3.670 126.469
34.620 4.000 153.172
34.630 4.260 165.247
34.640 3.990 159.705
34.650 3.980 130.091
34.660 3.690 131.623
34.670 3.840 162.440
34.680 4.460 144.667
34.690 3.670 137.024
34.700 4.200 138.517
34.720 3.560 130.270
34.730 4.000 130.757
34.740 3.640 131.099
34.750 4.490 132.021
34.760 4.080 135.877
34.770 4.020 120.382
34.780 3.800 126.961
34.790 3.630 130.036
34.800 4.060 152.346
34.810 3.470 122.571
34.820 3.460 131.070
34.830 3.700 146.025
34.840 3.660 140.300
34.850 3.970 154.597
34.860 3.630 128.166
34.880 3.620 147.574
34.890 3.830 139.394
34.900 3.490 136.901
34.910 3.590 127.616
34.920 4.130 131.738
34.930 4.090 124.050
34.940 4.260 138.741
34.950 4.010 140.719
34.960 3.620 142.283
34.990 3.680 138.888
35.000 3.750 149.630
35.010 4.300 151.694
35.020 3.550 129.415
35.030 4.220 135.879
35.050 3.780 129.797
35.060 3.410 143.614
35.090 3.900 122.449
35.100 3.450 142.896
35.110 3.860 148.893
35.120 3.800 137.546
35.130 3.740 133.648
35.140 4.060 137.888
35.150 4.170 124.990
35.170 4.180 125.457
35.180 4.130 148.163
35.200 4.100 150.538
35.210 4.190 133.894
46.190 4.490 161.483
80.590 4.480 142.633
80.760 4.470 154.746
80.770 4.370 141.761
80.800 3.780 156.346
80.810 3.840 123.286
80.820 3.730 144.574
80.830 4.230 123.344
80.840 3.970 129.517
80.860 3.990 143.422
80.870 4.230 156.197
80.880 4.300 146.484
80.890 3.590 127.845
80.900 4.100 154.519
80.910 4.280 165.986
80.920 4.090 121.535
80.930 4.340 125.793
83.300 3.980 131.523
83.320 4.430 127.972
83.330 4.070 123.345
85.510 4.320 124.522
90.750 4.110 154.506
90.760 4.470 143.041
90.770 4.070 134.011
90.790 3.690 149.885
90.800 3.990 165.471
90.810 4.350 126.853
90.960 4.360 138.935
90.970 4.420 156.742
90.980 4.040 140.849
90.990 3.780 145.824
91.000 4.380 157.450
91.010 4.400 154.512
91.040 4.470 147.723
91.060 4.400 134.226
91.070 4.100 152.481
91.090 4.210 155.508
91.110 4.100 150.290
91.120 3.950 159.792
91.130 3.920 144.820
91.170 4.350 150.914
91.200 4.380 153.876
91.210 4.440 147.298
91.240 4.380 128.102
91.250 4.240 144.999
91.260 4.300 146.454
91.290 4.400 149.583
91.300 4.270 133.495
91.310 3.990 138.078
91.320 4.240 152.704
91.330 3.530 134.257
91.340 3.980 138.676
91.350 3.780 137.050
91.360 4.180 147.747
91.390 4.040 156.373
91.420 3.960 157.736
91.430 4.300 145.367
91.440 3.710 144.057
91.450 4.040 169.370
91.460 4.030 160.157
91.490 4.080 163.343
91.500 4.260 158.716
91.520 4.350 166.798
91.540 3.910 145.997
91.640 4.380 152.395
91.680 4.480 146.525
91.690 4.310 159.815
91.720 3.990 151.512
91.840 4.250 151.053
93.450 4.130 150.117
93.460 4.120 161.239
93.470 4.260 156.883
93.480 3.990 153.300
107.440 3.650 131.394
107.450 4.210 125.512
107.700 4.330 124.382
110.350 3.900 123.550
112.230 4.250 139.286
112.240 4.420 151.614
112.280 4.190 166.207
112.290 4.450 150.024
112.300 4.140 134.502
112.310 3.750 138.908
112.320 3.930 154.696
112.340 3.660 131.325
112.370 4.480 152.798
112.390 4.260 148.614
112.410 4.260 152.946
112.440 4.480 168.060
112.450 4.120 152.556
112.460 3.990 159.557
112.470 4.010 159.314
112.480 4.050 148.331
112.490 4.020 132.963
112.510 4.400 136.653
112.560 4.160 146.730
112.570 4.070 146.034
112.580 4.230 173.822
112.590 4.400 139.407
112.600 4.440 167.384
112.610 3.960 131.877
112.620 4.490 155.469
112.750 4.140 142.541
112.780 4.310 156.281
112.820 4.390 127.966
113.140 4.410 125.299
113.160 3.960 143.345
113.310 4.290 122.097
113.520 4.030 151.426
113.530 4.430 160.558
113.540 4.200 132.706
113.550 4.020 160.091
113.820 4.430 158.891
113.880 4.240 128.860
113.890 3.850 161.753
113.970 3.870 134.756
113.990 4.230 122.274
114.070 4.120 148.633
114.090 4.310 163.613
114.600 4.460 142.922
141.020 4.090 167.421
141.280 4.190 129.333
141.310 4.240 128.181
141.320 4.300 144.335
141.330 4.240 152.989
141.400 4.440 128.325
141.590 4.460 139.866
142.200 4.060 127.356
151.150 3.650 150.102
159.710 3.960 149.224
159.750 4.120 122.703
159.780 4.340 160.092
159.810 4.220 132.550
159.830 4.490 145.070
160.020 4.350 134.100
160.030 4.330 140.410
160.180 4.190 141.038
160.820 4.280 129.885
160.950 4.420 126.577
160.990 4.260 140.926
183.690 4.390 129.539
183.720 3.630 130.160
183.730 4.030 140.594
183.740 3.600 144.342
183.750 3.590 127.404
183.760 4.490 139.299
183.800 4.400 127.905
183.830 4.200 139.232
183.840 3.570 132.690
183.850 4.350 133.162
183.860 3.740 139.093
183.870 3.870 127.276
183.880 4.310 141.136
183.890 4.150 120.826
183.900 3.750 124.536
183.930 3.830 130.128
183.940 3.700 134.924
183.950 4.250 136.389
183.960 4.480 151.435
183.970 4.040 146.190
184.000 4.050 121.654
184.030 4.040 129.380
184.040 4.330 158.328
184.060 4.200 160.363
184.070 4.190 138.848
184.080 4.070 147.192
184.090 4.060 140.709
184.100 3.910 137.868
184.110 3.460 135.841
184.120 3.590 162.437
184.130 4.080 167.790
184.140 3.960 154.010
184.150 3.770 153.807
184.160 4.120 142.201
184.170 3.750 154.638
184.180 3.830 156.574
184.190 3.790 149.766
184.200 4.290 166.084
184.210 4.240 155.802
184.220 3.930 144.596
184.230 4.030 158.924
184.240 3.690 155.473
184.250 4.000 151.125
184.260 4.110 160.460
184.270 3.650 148.357
184.280 3.660 143.769
184.290 3.840 157.128
184.300 4.120 160.699
184.310 3.700 138.008
184.320 4.040 145.012
184.330 3.940 153.285
184.340 3.470 136.302
184.350 3.880 132.460
184.360 4.080 137.768
184.370 3.750 125.767
184.380 3.930 151.442
184.390 3.980 144.346
184.400 4.010 164.127
184.410 4.090 160.129
184.420 4.110 159.596
184.430 4.100 143.200
184.440 3.860 135.436
184.450 3.600 142.411
184.460 3.390 145.466
184.480 3.370 132.788
184.490 3.760 128.075
184.500 4.260 155.682
184.530 3.770 126.040
184.540 3.570 120.951
184.550 3.810 144.034
184.570 4.190 136.453
184.580 4.140 127.527
184.610 4.100 122.847
184.630 4.470 125.851
184.640 4.280 144.291
184.680 4.480 129.873
184.720 4.440 135.012
184.880 4.070 136.899
184.920 4.400 142.863
184.960 4.440 121.261
185.000 4.180 146.038
185.020 4.390 129.580
185.050 4.370 127.943
185.150 4.280 155.253
185.170 4.220 127.840
185.180 4.360 147.437
185.190 4.150 161.210
185.200 4.250 151.043
185.210 4.130 134.031
185.220 4.300 154.378
185.230 4.210 152.696
185.240 3.900 159.696
185.260 4.380 139.991
185.280 4.170 138.978
185.300 4.240 138.002
185.310 4.190 160.381
185.320 4.470 165.213
185.400 4.140 141.802
185.410 4.210 134.373
185.420 4.410 141.936
185.430 4.210 151.840
185.450 4.310 137.525
185.460 3.840 138.782
185.480 4.170 132.866
185.500 4.390 138.606
185.510 4.420 168.781
185.520 4.460 141.700
185.530 4.280 153.596
185.550 3.920 138.546
185.560 4.130 155.672
185.570 4.140 142.753
185.600 4.090 139.404
185.610 4.140 152.251
185.620 4.240 157.853
185.630 4.060 154.236
185.640 4.450 159.174
185.650 4.140 131.673
185.680 4.200 137.328
185.690 3.990 125.161
185.700 4.030 159.094
185.710 4.090 127.877
185.720 3.840 159.539
185.750 3.980 138.007
185.770 4.330 134.274
185.830 3.910 140.804
185.840 3.900 125.751
185.850 4.300 147.592
185.860 4.260 141.362
185.880 3.950 137.438
185.900 4.160 138.624
185.910 3.880 126.624
185.920 4.420 156.269
185.930 4.430 126.033
185.940 4.030 140.022
185.960 4.290 126.457
185.980 4.110 131.599
185.990 4.380 121.362
186.000 4.380 145.922
186.010 4.310 157.595
186.020 4.020 141.341
186.040 4.080 125.352
186.050 4.210 161.954
186.100 4.290 150.615
186.110 4.470 132.941
186.130 4.300 138.490
186.160 4.140 128.909
186.170 4.060 141.887
186.290 4.290 143.656
186.300 4.240 138.734
186.310 4.480 146.717
186.320 4.260 150.876
186.340 4.160 139.381
186.350 3.980 168.338
186.360 4.360 150.148
186.370 4.440 124.774
186.420 4.100 140.659
186.430 4.370 154.755
186.450 4.480 155.475
186.460 4.100 131.553
186.480 4.400 141.662
186.500 4.020 146.762
186.510 4.310 136.278
186.520 4.060 122.407
186.530 3.930 145.378
186.540 3.900 149.023
186.550 4.260 151.597
186.560 4.360 137.566
186.600 4.490 142.878
186.660 4.440 144.621
186.680 4.340 151.033
186.690 4.440 163.877
186.700 4.110 133.500
186.710 4.230 132.791
186.750 4.310 154.251
186.760 4.100 145.909
186.770 4.440 154.911
186.790 3.940 147.695
186.800 4.170 120.262
186.810 3.690 148.021
186.830 4.150 159.196
186.840 4.450 129.088
186.860 4.410 127.699
186.870 4.220 140.679
186.880 4.410 145.443
186.900 4.330 135.039
186.920 4.280 140.738
186.930 3.980 143.747
186.940 4.280 144.678
186.960 4.110 138.349
186.980 4.290 150.567
187.010 4.070 131.066
187.020 3.940 155.255
189.180 4.010 126.186
192.380 4.460 149.804
192.730 4.260 141.682
192.740 4.240 143.540
194.210 4.010 131.277
194.320 4.320 132.582
194.400 4.370 146.813
194.410 3.840 133.179
194.420 3.930 122.258
194.430 3.950 133.372
194.450 4.020 147.343
194.460 3.760 123.919
194.470 3.740 125.629
194.480 3.970 148.465
194.490 4.190 159.343
194.510 4.230 154.855
194.520 3.930 144.716
194.550 4.240 136.954
194.600 4.410 139.998
194.720 4.410 131.922
195.060 4.270 135.700
195.480 4.390 130.608
195.540 4.450 124.624
195.860 4.480 124.680
195.890 4.460 133.655
195.900 4.410 135.080
195.940 4.440 125.007
197.430 4.420 130.450
204.830 4.230 121.465
204.840 4.050 135.988
204.850 4.010 121.935
204.900 4.090 122.886
204.950 3.800 128.651
204.960 4.070 141.471
212.480 4.290 120.202
212.610 3.860 122.984
212.850 4.490 121.859
212.920 4.140 123.980
214.310 4.390 165.354
214.320 4.200 155.272
214.330 4.210 166.315
215.120 4.220 134.140
217.110 4.050 135.061
217.140 4.460 152.453
217.150 4.400 126.947
217.160 4.320 150.678
217.170 3.590 143.346
217.180 4.420 132.192
217.190 3.560 133.160
217.270 4.170 150.066
217.320 4.050 132.437
217.340 4.090 159.350
217.350 4.250 152.901
217.380 4.380 163.005
221.060 4.220 123.492
222.000 4.470 129.796
222.270 4.080 140.097
222.280 4.410 137.011
222.420 4.480 124.599
222.610 4.400 123.999
222.720 4.170 157.816
222.730 4.360 122.389
228.120 4.430 120.349
228.640 4.470 123.669
230.020 4.190 164.800
230.080 4.350 156.116
230.090 4.280 147.716
230.100 4.360 137.107
230.840 4.220 124.199
231.670 4.480 140.730
231.680 3.860 134.958
231.700 4.440 155.393
231.710 4.210 131.391
231.750 4.410 153.279
231.770 4.270 125.176
231.800 4.010 136.953
231.830 4.250 121.155
231.840 4.040 129.813
231.860 4.250 129.515
231.920 3.850 136.006
231.940 3.900 121.269
231.950 4.300 140.527
231.970 3.890 139.306
231.980 3.570 121.822
232.030 3.760 133.382
232.050 3.700 127.597
232.070 3.530 127.589
232.080 4.200 131.311
232.090 4.140 142.595
232.120 4.110 127.040
232.130 3.760 130.132
232.180 4.460 151.925
232.190 3.510 127.636
232.210 3.740 139.721
232.220 3.730 128.052
232.240 4.100 122.908
232.270 4.040 129.989
232.320 4.330 142.707
232.330 3.550 130.992
232.380 4.170 126.718
232.460 4.470 127.736
232.490 4.150 132.522
232.500 4.120 126.121
232.580 3.980 123.142
232.610 3.650 121.349
232.630 3.470 126.598
232.640 3.730 124.945
237.430 4.080 122.162
237.440 4.110 151.367
237.450 3.840 146.063
237.470 4.180 129.879
237.480 3.890 150.647
237.550 4.290 123.425
237.560 4.220 128.872
237.590 4.120 159.325
237.620 4.270 121.700
237.660 4.470 132.940
237.670 3.690 146.235
237.680 4.040 155.743
237.690 3.960 129.549
237.710 4.360 145.932
237.730 4.480 142.954
237.740 4.200 142.977
237.760 4.440 123.406
237.770 4.310 136.507
237.800 4.320 139.354
237.810 4.000 140.090
237.820 4.210 135.457
237.830 4.190 154.112
237.840 4.230 125.192
237.890 3.990 163.049
237.910 4.380 148.006
237.920 4.260 153.485
237.930 4.130 139.592
237.940 4.490 136.838
237.950 4.460 125.813
237.960 4.460 143.828
237.970 4.320 147.531
237.990 4.160 154.542
238.060 4.340 123.547
238.070 4.220 143.463
238.110 4.340 144.289
238.130 4.370 126.215
238.140 4.370 153.970
238.150 4.460 142.721
238.170 4.370 122.210
238.180 4.250 153.412
238.240 4.220 137.960
238.250 4.130 132.444
238.290 4.290 124.252
238.300 4.020 138.103
238.310 4.270 146.262
238.320 4.240 126.789
238.340 4.230 158.220
238.370 4.350 131.129
238.380 4.130 144.258
238.390 4.290 129.205
238.400 4.470 132.545
238.420 4.120 141.770
238.440 4.380 152.102
238.450 4.380 133.664
238.510 4.290 151.936
238.520 4.180 156.277
238.530 4.160 144.452
238.550 4.320 149.114
238.560 4.330 140.012
238.570 4.390 125.119
238.610 4.380 124.206
238.660 4.140 147.300
238.670 4.140 161.912
238.680 4.070 148.831
238.730 4.360 132.777
238.760 4.350 126.010
238.770 4.380 123.181
238.780 4.060 146.530
238.790 4.200 146.724
238.840 4.440 129.841
238.850 4.280 126.937
238.870 4.490 152.827
238.890 3.820 149.395
238.960 4.340 126.619
238.970 4.170 153.547
238.980 4.210 146.648
238.990 4.400 161.502
239.000 3.850 145.264
239.010 4.190 138.543
239.020 4.180 173.461
239.030 4.420 137.968
239.040 4.090 152.448
239.050 4.210 151.068
239.060 4.460 148.529
239.070 4.120 161.767
239.080 3.830 153.791
239.090 3.750 135.672
239.100 4.010 144.607
239.110 3.310 141.723
239.120 3.720 150.920
239.130 3.550 146.427
239.140 3.920 151.661
239.150 3.720 133.951
239.160 4.180 135.371
239.170 4.200 169.778
239.180 4.090 142.021
239.190 4.090 132.910
239.200 3.690 150.890
239.210 4.090 144.877
239.220 4.270 138.138
239.240 4.420 120.813
239.270 4.390 169.588
239.440 4.340 135.684
239.540 4.300 143.903
239.550 4.080 156.419
239.560 4.090 147.806
239.580 4.110 128.404
243.750 4.220 163.584
243.770 4.340 124.681
249.140 3.750 132.124
249.160 4.160 124.859
255.570 3.520 138.258
255.600 3.850 136.757
255.620 3.700 128.333
255.710 4.340 129.270
255.760 4.060 137.083
255.790 4.120 124.406
255.840 3.990 120.913
255.860 4.040 146.808
263.420 4.260 152.959
263.640 4.120 152.851
293.140 4.490 121.911
293.190 4.490 142.636
293.200 4.470 140.213
293.230 4.300 130.187
293.290 4.420 144.257
293.300 4.330 131.700
293.330 4.370 129.489
298.280 4.380 172.630
298.310 4.100 123.252
298.320 4.340 153.569
298.340 3.800 154.124
298.350 3.850 150.630
298.360 4.070 133.427
298.410 4.000 136.885
298.480 4.150 120.377
314.360 4.490 121.771
314.600 4.350 150.595
314.620 4.420 128.794
314.630 4.370 125.484
314.650 4.450 121.343
314.830 4.250 122.542
343.420 3.750 136.839
343.440 4.120 127.677
343.450 3.800 122.516
343.460 3.840 124.925
343.470 3.400 138.091
343.480 4.130 128.401
343.530 4.220 131.075
343.540 3.530 147.333
343.550 4.000 148.994
343.570 3.520 125.196
343.580 3.730 123.711
343.590 4.090 145.676
343.620 3.780 128.492
343.650 4.350 145.298
343.660 3.440 138.655
343.690 3.590 171.737
343.700 3.540 161.614
343.710 4.170 142.740
343.760 3.840 143.346
343.800 3.820 137.790
343.830 3.910 125.601
343.870 3.850 120.168
343.910 3.900 135.508
343.930 3.920 141.190
343.950 3.690 128.562
343.960 3.920 122.576
344.010 3.830 121.742
344.020 3.280 127.408
344.040 3.580 140.147
344.050 3.990 130.574
344.060 3.800 121.957
344.070 3.830 125.918
344.080 3.590 122.825
344.090 4.270 154.393
344.100 3.860 121.706
344.110 3.830 141.308
344.120 3.860 133.912
344.130 4.060 152.188
344.140 3.820 141.247
344.150 3.750 136.992
344.160 3.820 142.276
344.170 3.720 145.594
344.180 4.360 127.465
344.190 3.700 156.865
344.200 3.650 146.349
344.210 4.040 143.741
344.220 4.110 136.050
344.230 4.210 159.534
344.260 4.160 130.815
344.270 4.150 152.611
344.280 4.450 141.606
344.290 4.050 151.768
344.310 4.140 120.272
344.340 4.380 156.735
344.350 4.260 134.251
344.360 4.240 142.685
344.370 4.440 151.514
344.380 4.200 134.225
351.260 4.440 143.989
351.330 4.350 152.138
351.340 4.120 154.003
351.350 4.330 121.210
351.360 4.190 152.308
351.370 4.210 135.691
351.380 4.200 152.739
351.390 3.920 146.603
351.520 4.330 136.895
351.530 4.440 130.952
351.630 4.240 139.309
351.640 4.470 141.919
351.670 4.380 133.168
351.710 3.770 145.213
351.720 3.920 140.581
351.730 4.000 125.174
351.740 4.390 125.812
351.750 4.340 149.950
351.780 4.150 136.051
351.790 4.070 159.283
351.800 3.550 138.149
351.820 3.880 134.485
351.830 4.130 141.954
351.840 3.930 137.280
351.850 4.480 163.925
351.860 3.810 122.054
351.940 4.490 152.204
351.960 4.450 131.390
352.000 4.090 127.760
352.150 4.340 143.781
352.190 4.470 131.442
352.210 4.480 123.722
352.300 4.340 139.877
352.340 4.370 138.932
352.350 4.390 140.358
352.360 3.580 136.067
352.370 3.710 170.442
352.380 3.880 151.385
352.400 4.160 168.336
352.410 4.440 136.588
352.530 4.170 152.635
352.540 4.140 149.625
352.560 4.070 144.519
352.570 4.000 156.638
352.580 3.850 143.273
352.590 4.190 133.223
352.600 3.720 120.705
352.610 3.750 137.490
352.620 3.820 134.406
352.670 3.890 144.681
352.720 4.020 154.195
352.730 4.210 155.087
352.740 3.830 127.143
352.750 3.870 148.230
352.760 3.710 136.766
352.790 4.340 164.242
352.800 4.320 159.313
352.810 3.980 161.122
352.850 4.040 134.787
352.860 4.300 166.675
352.880 3.820 148.671
352.900 4.210 164.277
352.920 3.640 139.110
352.930 3.620 137.662
352.950 4.250 143.959
383.420 4.480 126.997
384.900 4.380 128.252
386.130 4.050 123.850
388.780 4.230 121.500
390.070 4.240 152.796
391.200 4.290 126.042
392.690 4.360 144.039
392.780 4.130 165.438
392.790 4.460 152.572
392.840 4.390 141.590
392.860 4.300 167.502
392.870 4.270 150.659
392.880 4.230 134.247
397.080 3.900 142.090
397.090 4.420 136.300
397.100 3.650 121.611
397.110 4.210 126.379
397.130 4.450 126.192
397.140 3.640 162.381
397.320 4.160 133.763
397.380 4.170 127.447
397.460 4.080 122.618
397.470 4.230 124.212
397.480 4.010 137.927
397.490 4.010 140.254
397.560 4.020 155.308
397.580 4.000 131.195
397.620 3.980 122.325
397.630 3.800 131.452
400.270 4.420 122.441
403.640 4.350 123.107
408.630 4.430 147.610
417.090 4.130 127.528
417.100 4.460 131.424
417.130 4.290 127.629
417.140 3.800 131.043
417.150 4.450 143.969
417.160 3.960 129.712
417.190 4.450 151.975
417.230 4.180 159.654
417.240 3.800 162.197
417.250 4.320 162.603
417.270 4.140 135.668
417.960 4.430 165.505
417.970 3.750 128.971
417.980 3.870 125.369
417.990 3.990 164.429
418.000 4.490 153.008
418.020 4.230 145.824
418.030 4.240 141.394
418.050 4.180 138.812
418.060 3.880 151.157
418.070 4.070 152.040
418.080 3.920 148.009
418.110 4.380 141.717
418.130 3.640 125.856
418.170 4.370 163.892
418.180 4.080 154.759
418.280 4.410 134.575
418.300 4.370 127.263
418.310 4.350 148.514
418.320 4.400 126.912
419.310 3.850 155.315
419.330 3.820 157.428
419.350 4.170 147.060
419.430 3.840 128.086
419.450 3.550 135.358
419.470 3.900 129.997
419.480 4.340 127.680
419.490 4.040 136.518
419.500 3.590 140.651
419.510 3.700 154.422
419.520 3.810 153.214
419.530 3.530 132.671
419.560 3.750 128.679
419.570 3.680 129.271
419.580 4.270 140.183
419.590 3.780 153.418
419.600 4.260 134.492
419.650 4.090 131.377
419.680 4.380 136.904
419.720 3.400 134.050
419.730 3.860 167.472
419.740 3.820 141.932
419.750 3.620 139.809
419.760 4.230 152.808
419.770 4.470 143.560
419.790 4.110 135.981
419.800 4.000 162.541
419.810 3.690 132.554
419.820 3.890 153.442
421.290 4.130 123.731
422.070 4.100 130.621
424.530 4.200 120.544
424.820 4.240 122.516
427.140 4.420 145.094
427.270 3.960 121.637
428.780 4.320 120.873
430.220 4.020 129.415
432.350 4.070 129.467
432.370 4.300 120.685
437.880 4.470 139.784
438.440 4.410 132.308
441.160 4.270 120.168
441.180 4.350 155.213
441.250 3.720 138.198
441.260 4.400 137.805
441.270 4.430 158.021
441.290 3.750 150.144
441.300 3.950 124.296
441.310 3.630 124.105
441.320 4.070 152.409
441.330 4.300 132.025
441.350 4.370 142.835
441.380 4.480 125.809
441.390 4.030 163.993
441.400 3.930 124.179
441.470 3.900 148.417
441.490 3.960 158.516
441.500 3.910 144.379
441.510 4.440 127.397
441.560 3.930 138.370
441.600 4.030 131.375
441.610 4.160 129.022
441.660 3.880 124.439
441.670 3.640 127.252
441.680 4.060 145.525
441.690 3.520 133.784
441.720 4.160 132.525
441.740 3.840 133.847
441.760 4.470 130.181
441.830 4.170 123.581
441.870 3.920 130.933
441.900 4.210 142.951
441.910 4.170 123.618
441.950 3.740 125.973
441.960 4.470 149.406
441.970 4.210 131.874
442.020 3.820 126.024
442.200 3.920 147.711
442.250 4.160 145.620
442.260 4.170 129.818
442.450 4.210 141.121
442.540 4.130 132.003
442.550 4.460 134.236
442.560 4.470 156.304
442.570 4.040 141.284
442.590 4.120 128.078
442.610 4.440 150.176
442.620 4.460 168.257
442.660 3.870 126.736
442.690 3.620 136.167
442.700 3.750 138.413
442.710 3.560 161.177
442.720 3.880 167.467
442.730 3.610 163.470
442.750 4.140 146.322
442.760 3.880 133.794
442.770 3.690 126.804
442.780 3.920 143.690
442.790 3.780 167.063
442.800 4.170 165.942
442.810 3.880 136.917
442.830 3.830 143.305
442.850 4.460 122.104
442.860 3.940 145.743
442.870 4.030 146.217
442.890 3.950 133.453
442.960 4.270 141.759
443.030 3.720 131.548
443.070 3.850 121.137
443.130 3.640 128.876
443.140 4.490 156.107
443.200 3.740 124.892
443.230 3.920 157.973
443.240 4.000 142.432
443.250 3.560 145.747
443.260 4.220 138.950
443.270 3.810 161.140
443.280 3.660 144.462
443.320 4.160 136.291
443.330 4.220 137.939
443.350 3.880 124.419
443.440 4.280 161.784
443.450 4.340 127.017
443.500 3.880 120.952
443.520 3.880 125.293
443.530 3.900 127.824
443.540 4.160 132.595
443.550 3.950 125.526
443.560 3.920 124.655
443.580 3.920 121.748
443.590 4.230 129.865
443.600 3.670 121.061
443.620 4.300 124.099
443.630 4.050 147.041
443.640 4.240 141.044
443.670 4.060 130.046
443.700 4.420 131.728
443.710 3.770 126.885
443.720 4.350 127.324
443.740 4.120 144.598
443.750 4.420 145.789
443.760 4.110 145.282
443.780 3.570 121.806
443.790 4.160 143.326
443.800 4.010 129.423
443.810 4.120 161.691
443.830 4.460 151.214
443.840 4.030 132.971
443.850 4.240 137.846
443.860 4.120 125.200
443.870 3.910 150.126
443.880 4.480 128.305
443.890 3.820 142.820
443.900 4.370 136.271
443.910 4.420 161.114
443.920 4.090 143.183
443.930 4.350 151.188
443.950 4.010 131.938
443.960 4.050 156.830
443.970 3.930 155.363
443.980 3.400 124.800
444.020 3.810 146.815
444.030 3.330 158.865
444.040 3.830 133.338
444.050 3.500 129.560
444.060 4.090 129.799
444.090 4.100 134.381
444.150 3.920 127.791
444.190 4.460 143.400
444.210 4.270 137.242
444.250 4.270 142.850
444.270 4.040 124.168
444.280 4.000 138.077
444.290 4.270 153.547
444.320 4.330 123.601
444.340 4.320 143.751
444.360 4.390 139.202
444.370 4.150 135.399
444.390 4.360 138.771
444.400 4.200 130.804
444.420 4.160 134.419
444.430 3.940 123.058
444.450 4.480 129.303
444.500 4.490 122.076
444.520 4.100 130.852
444.530 3.990 122.128
444.560 4.260 148.026
444.570 3.910 157.892
444.580 3.760 142.900
444.590 4.020 141.268
444.620 4.260 121.373
444.640 4.240 134.414
444.650 4.120 123.261
444.660 3.800 135.169
444.700 3.930 128.665
444.710 3.800 126.309
444.720 3.980 130.677
444.750 3.680 121.507
444.810 4.430 141.571
444.820 3.920 153.237
444.830 3.690 137.920
444.900 4.290 139.807
444.930 4.400 149.694
444.950 4.440 165.087
444.970 4.430 129.966
445.010 4.030 126.225
445.020 4.130 120.279
445.030 3.970 126.098
445.040 4.120 137.697
445.050 4.070 140.820
445.060 3.920 121.438
445.070 3.810 129.943
445.080 4.300 124.215
445.090 4.090 121.787
445.100 4.150 131.143
445.120 4.430 144.112
445.130 4.180 127.634
445.140 3.720 132.354
445.150 3.810 122.447
445.160 3.520 121.209
445.170 4.220 146.598
445.180 4.410 145.591
445.190 4.470 121.916
445.210 3.840 120.787
445.220 3.630 126.147
445.230 3.750 131.343
445.240 3.540 138.899
445.250 4.370 145.150
445.280 4.200 148.134
445.320 4.400 155.865
445.330 4.200 150.347
445.390 4.410 142.849
445.540 4.410 143.102
445.560 4.480 134.644
445.570 3.790 153.702
445.580 3.720 160.172
445.610 3.820 144.412
445.630 3.350 148.532
445.640 4.190 142.987
445.670 4.250 120.065
445.720 4.090 121.927
445.770 4.180 130.354
445.780 4.000 133.996
445.790 3.770 135.088
445.810 4.440 135.193
445.820 4.140 120.307
447.900 4.040 120.146
450.170 4.420 120.206
450.210 4.330 124.929
450.240 4.420 123.219
450.640 4.380 120.142
450.700 4.080 121.460
450.710 4.380 126.291
450.810 4.170 127.865
450.960 4.480 126.809
451.060 4.420 120.689
451.080 3.930 124.883
451.090 4.440 121.015
451.100 4.050 124.943
451.420 4.430 124.803
451.430 4.310 126.027
451.460 4.380 121.355
451.530 4.020 131.927
451.720 4.420 120.918
451.770 4.260 123.713
452.760 4.410 122.651
457.450 4.080 126.656
457.460 4.070 146.995
457.510 4.280 125.739
457.540 4.150 139.867
457.550 4.060 162.397
457.560 3.960 140.405
457.570 4.460 142.075
457.620 4.120 131.786
457.650 3.710 121.258
457.710 3.630 137.076
457.730 3.960 137.635
457.790 3.970 126.171
457.800 3.750 159.166
457.810 4.060 160.032
457.830 4.460 142.978
457.850 4.430 127.652
457.870 3.890 145.146
458.030 4.400 146.642
458.050 3.960 148.161
458.060 3.880 136.685
458.080 4.060 120.264
458.120 4.110 139.959
458.160 4.300 150.483
458.180 3.870 153.274
458.240 3.790 127.329
458.250 3.670 144.085
458.260 3.880 145.084
458.270 4.020 159.604
458.280 4.280 122.517
458.300 3.910 132.671
458.310 4.250 120.761
458.320 3.790 121.038
458.340 4.200 133.732
458.380 4.140 145.655
458.390 4.380 131.084
458.400 3.970 142.044
458.420 4.130 124.178
458.430 4.240 136.920
458.440 3.550 142.007
458.450 3.840 146.006
458.460 3.930 137.486
458.480 3.940 141.507
458.490 3.980 147.053
458.500 4.370 156.472
458.520 4.240 155.888
458.530 4.140 136.338
458.540 4.200 128.276
458.550 4.070 169.201
458.560 4.460 146.695
458.570 4.490 161.139
458.580 4.000 151.477
458.590 4.300 129.035
458.600 3.940 167.409
458.610 4.330 154.156
458.620 3.860 146.052
458.630 3.780 125.809
458.640 4.330 125.186
459.530 4.450 129.979
459.550 4.000 121.410
460.780 4.360 137.542
460.790 4.140 153.997
460.810 3.930 136.466
460.820 4.360 129.548
461.200 4.390 124.390
462.470 4.160 122.013
462.490 3.990 146.197
462.500 4.040 121.462
462.560 4.390 126.557
462.590 3.920 133.311
462.610 4.260 160.859
462.630 4.230 140.598
462.640 3.790 147.104
462.930 4.370 134.653
462.960 4.200 158.093
463.000 4.250 146.257
463.030 4.020 125.088
463.060 4.340 133.547
463.070 4.390 130.379
463.090 4.210 125.577
463.100 3.890 141.642
463.130 4.290 130.023
463.150 3.830 126.717
463.210 4.170 149.699
463.220 4.160 136.029
463.280 4.460 136.874
463.290 4.080 163.711
463.300 3.950 156.992
463.310 3.970 138.571
463.320 3.750 150.935
463.330 4.160 167.257
463.340 4.070 130.792
463.350 4.350 138.708
463.360 4.020 131.658
463.380 3.940 140.497
463.400 4.240 133.254
463.410 3.940 125.531
463.420 4.060 135.755
463.480 4.230 134.367
463.510 4.450 162.710
463.530 4.480 164.797
463.540 3.940 125.830
463.550 4.100 149.497
463.580 4.060 146.851
463.600 4.190 149.928
463.690 4.290 130.435
463.710 4.250 124.254
463.730 4.040 146.766
463.740 4.350 150.652
463.750 3.790 126.061
469.690 4.360 133.042
472.270 4.440 156.974
472.280 4.380 150.052
472.420 3.930 128.524
473.210 4.340 126.531
473.300 3.920 120.374
473.350 4.250 121.126
473.400 4.340 123.683
473.410 4.450 128.372
473.420 4.240 129.694
473.430 4.200 123.564
473.480 4.050 142.892
473.620 4.200 123.647
473.870 4.420 128.296
475.350 4.130 162.943
475.890 4.340 126.123
478.660 4.070 149.094
480.870 4.290 123.015
484.800 4.270 126.153
484.810 4.120 123.810
484.820 3.900 122.881
484.830 4.440 134.830
484.840 4.390 123.247
484.850 4.410 125.533
484.860 4.350 123.351
489.200 4.240 123.242
489.220 4.430 125.559
489.240 3.990 125.598
491.650 4.160 120.909
494.590 3.990 147.953
497.950 4.430 122.242
499.120 4.150 120.973
501.050 4.430 148.982
501.090 4.310 126.384
501.100 3.790 152.097
501.120 3.440 128.996
501.130 3.830 130.305
501.170 3.600 148.409
501.180 3.760 127.537
501.210 4.020 163.898
501.220 4.140 163.360
501.230 4.160 127.631
501.240 4.050 126.342
501.250 3.560 135.313
501.260 3.960 124.555
501.280 3.730 130.915
501.300 3.950 137.033
501.310 3.780 125.026
501.320 4.240 152.179
501.330 4.020 159.869
501.360 3.840 138.361
501.380 4.020 149.466
501.390 4.100 155.732
501.450 4.430 121.119
501.480 4.340 128.272
501.490 3.670 124.094
501.500 3.880 133.189
501.510 4.260 128.012
501.520 4.340 123.168
501.550 3.720 146.146
501.630 3.890 149.252
501.640 4.080 170.274
501.650 3.980 134.026
501.670 4.320 151.198
501.700 4.070 123.080
501.710 3.990 155.516
501.720 3.650 141.007
501.730 3.870 146.808
501.740 3.680 156.036
501.750 3.730 134.591
501.760 4.140 151.732
501.770 4.280 126.622
501.780 4.210 154.406
501.820 3.920 143.816
501.830 3.980 149.040
501.850 3.930 149.955
501.860 4.280 138.107
501.870 3.710 162.698
501.880 3.720 144.786
501.890 4.330 155.853
501.900 3.690 129.202
501.910 3.940 158.101
501.930 4.090 141.470
501.940 4.190 131.015
501.950 4.280 135.890
501.980 4.390 124.236
502.000 3.550 126.222
502.020 3.530 142.581
502.030 3.800 135.561
502.040 3.860 167.971
502.050 3.410 142.199
502.060 3.990 163.593
502.070 3.920 150.896
502.080 4.020 156.903
502.090 3.780 155.500
502.100 4.440 159.819
502.110 4.200 142.321
502.130 4.460 138.314
502.290 3.820 153.782
502.370 4.350 132.213
502.380 4.240 153.322
503.960 4.400 136.681
503.980 4.400 148.782
503.990 3.890 148.487
504.000 4.180 146.595
504.010 3.910 159.295
504.550 4.150 154.742
504.560 4.280 155.401
504.570 3.980 161.925
504.580 4.250 147.489
504.590 4.340 143.130
504.630 4.290 149.096
504.760 4.230 133.955
506.120 4.160 161.066
506.200 4.410 131.828
506.250 4.070 146.046
506.310 4.450 161.563
506.330 4.330 170.775
506.340 4.430 124.102
506.350 4.280 161.890
506.380 4.470 146.466
506.770 4.480 143.627
506.780 4.430 127.494
507.040 4.350 142.401
507.520 4.490 156.219
507.850 4.310 174.297
509.540 4.370 155.542
509.610 4.380 161.085
509.750 4.020 160.875
509.800 4.460 122.575
509.840 4.110 129.788
509.850 4.190 157.982
509.860 4.170 169.017
509.870 4.220 129.996
509.880 3.900 155.778
509.900 3.960 153.745
509.910 3.520 138.087
509.920 3.730 147.173
509.940 3.620 129.087
509.950 3.990 159.179
509.960 4.270 139.066
510.690 4.210 123.929
511.470 4.010 152.472
511.480 3.360 143.686
511.490 3.590 153.896
511.500 4.040 131.550
511.520 4.070 129.544
511.540 4.050 147.873
511.580 3.630 142.346
511.600 4.480 162.300
511.620 4.080 164.546
511.630 3.660 134.080
511.640 4.300 145.913
512.020 4.280 124.617
512.760 4.140 124.093
512.940 4.140 133.817
513.980 4.330 122.129
514.530 4.160 120.024
515.400 4.280 122.229
515.480 4.400 129.922
516.640 4.200 125.519
518.060 4.270 120.770
519.840 3.840 130.654
519.960 4.280 138.784
520.450 3.980 153.311
520.730 4.400 140.197
530.240 4.330 137.339
530.250 3.900 150.805
530.260 3.940 135.349
530.270 4.100 151.269
530.280 4.070 135.103
530.330 4.050 136.735
530.340 3.840 125.801
530.360 3.810 147.614
530.370 3.980 130.448
530.380 4.340 127.800
530.400 4.380 157.318
530.420 4.170 125.773
530.430 4.180 147.088
530.450 4.460 146.620
530.470 4.040 149.770
530.480 3.990 145.392
530.490 3.780 142.472
530.500 4.080 162.175
530.510 3.700 121.821
530.520 4.350 136.755
530.530 3.800 128.709
530.540 4.150 156.558
530.550 3.900 147.630
530.590 4.390 138.501
530.600 4.170 161.099
530.620 4.300 125.787
530.640 3.760 137.782
530.650 4.310 134.829
530.660 4.180 132.636
530.710 4.470 130.488
530.810 4.450 149.461
530.820 4.010 132.241
530.840 3.570 152.477
530.850 3.960 154.209
530.860 3.740 139.625
530.880 3.890 120.799
530.900 3.820 131.690
530.950 4.190 138.208
530.960 3.450 138.243
530.970 3.810 129.154
530.980 3.620 140.347
530.990 4.150 147.196
531.000 3.920 138.691
531.010 4.480 143.060
531.020 4.020 153.653
531.030 3.950 159.423
531.040 3.930 125.564
531.050 3.920 121.629
531.080 3.910 130.289
531.090 4.140 124.823
531.100 3.580 157.989
531.110 3.710 140.062
531.120 3.800 150.504
531.130 3.440 127.855
531.150 3.590 152.417
531.170 3.790 142.012
531.190 3.870 153.703
531.210 4.150 121.038
531.230 4.240 144.392
531.240 4.240 143.611
531.250 4.480 138.469
531.270 3.850 157.460
531.280 4.080 155.221
531.290 4.030 153.425
531.300 3.650 147.782
531.310 3.670 129.502
531.320 4.390 134.472
531.330 3.910 126.998
531.350 4.260 125.399
531.380 3.910 146.743
531.390 4.220 154.291
531.400 3.980 142.092
531.410 3.420 140.800
531.430 4.100 141.098
531.440 3.950 128.291
531.460 4.010 138.312
531.470 3.480 129.748
531.480 3.760 122.323
531.490 3.670 145.899
531.500 3.640 123.132
531.510 3.750 145.312
531.520 3.610 152.318
531.530 4.150 151.514
531.540 3.820 146.709
531.550 3.740 146.627
531.560 3.910 165.784
531.570 3.910 135.359
531.580 3.660 139.975
531.590 3.940 148.356
531.600 4.250 134.988
531.610 3.890 126.675
531.620 3.770 130.254
531.630 3.880 141.849
531.640 4.100 127.309
531.660 3.440 145.950
531.680 3.780 136.431
531.690 3.690 135.029
531.700 3.850 138.866
531.710 4.030 134.687
531.720 4.330 123.812
531.740 3.980 139.284
531.750 3.970 130.825
531.760 4.020 139.508
531.780 4.050 125.022
531.790 3.810 123.838
531.800 4.110 149.820
531.820 3.980 147.057
531.830 3.690 169.938
531.840 3.660 149.109
531.850 3.960 150.882
531.860 3.570 139.103
531.870 4.150 159.033
531.880 3.760 168.671
531.890 4.150 153.281
531.900 3.790 156.526
531.910 3.820 134.858
531.930 3.940 143.127
531.940 3.850 136.687
531.950 3.850 135.308
531.970 4.250 155.542
531.980 4.050 135.050
531.990 3.850 128.767
532.010 3.870 145.098
532.020 4.030 139.452
532.040 4.160 156.954
532.050 4.000 131.984
532.060 4.170 132.791
532.070 4.180 151.273
532.080 4.020 155.051
532.090 4.390 140.844
532.100 4.300 136.180
536.160 4.220 133.191
536.200 4.180 163.548
536.270 4.470 142.102
536.330 4.280 160.582
536.360 4.350 127.231
537.240 4.230 131.937
537.270 4.090 155.590
537.290 4.490 130.872
537.350 4.190 166.532
537.360 3.990 152.098
537.400 4.490 131.063
537.410 4.290 140.306
537.430 4.350 156.434
537.490 4.290 138.885
537.500 4.370 146.202
537.510 4.010 139.115
537.520 4.330 124.248
537.550 4.480 126.898
537.570 4.400 153.165
537.580 4.400 156.951
537.590 3.890 155.821
537.600 4.090 155.858
537.640 3.940 151.369
537.650 4.000 159.150
537.660 4.120 152.708
537.690 4.460 145.712
537.740 4.030 145.925
537.760 3.480 137.839
537.770 3.740 157.631
537.780 3.730 150.291
537.790 3.580 145.090
537.800 4.330 147.053
537.810 4.080 163.671
537.820 4.390 162.987
537.840 4.180 174.285
537.880 4.040 139.504
537.890 4.460 141.329
537.900 4.000 146.082
537.910 4.240 165.731
537.930 4.320 164.307
537.980 4.480 123.315
537.990 4.460 137.576
538.010 4.280 158.502
538.030 4.340 129.818
538.040 3.910 147.607
538.130 4.070 136.725
538.150 4.130 157.288
538.160 4.320 169.701
538.170 4.410 166.057
538.180 4.190 167.957
538.190 4.420 126.594
538.200 3.980 162.744
538.210 4.420 145.413
538.220 4.360 127.434
538.230 4.460 159.677
538.240 4.220 148.710
538.280 4.140 136.860
538.290 4.100 176.356
538.310 4.360 120.230
538.410 4.440 143.108
538.420 3.560 158.346
538.450 4.230 137.516
538.460 4.010 156.114
538.470 4.220 128.459
538.540 4.440 154.449
538.550 4.460 143.918
538.610 4.390 142.603
538.620 4.240 135.480
538.630 4.430 140.256
538.680 4.090 146.033
538.980 4.240 134.373
539.000 4.290 139.472
539.010 4.260 159.117
539.020 4.110 157.212
539.030 4.250 167.697
539.040 3.960 141.823
539.060 4.440 170.870
539.090 4.450 124.439
539.100 4.360 145.781
539.110 4.140 158.649
539.120 3.720 170.903
539.130 3.960 166.982
539.150 4.140 158.122
539.170 4.180 152.226
539.180 4.360 134.771
539.220 4.140 140.949
539.230 4.120 127.152
539.240 4.240 140.673
539.260 4.130 138.585
539.280 4.270 124.391
539.290 3.940 145.389
539.300 4.360 132.878
539.330 4.450 122.505
539.340 4.380 126.339
539.400 4.370 139.210
539.420 3.960 154.469
539.640 3.730 171.127
539.700 4.360 143.074
539.710 4.010 158.548
539.720 4.320 135.798
539.730 4.230 164.946
539.770 4.160 143.772
539.780 4.190 128.545
539.880 4.240 140.763
539.920 4.380 147.830
539.930 4.160 141.634
539.950 4.300 142.571
539.960 4.260 158.931
539.970 3.830 162.763
539.980 3.840 166.829
539.990 4.340 148.266
540.050 4.450 152.469
540.090 4.480 159.738
540.150 4.460 123.895
540.160 3.800 160.129
540.170 3.610 159.346
540.180 4.130 167.306
540.190 3.830 160.747
540.200 3.380 148.729
540.230 4.080 161.807
540.270 3.890 157.807
540.280 4.140 139.885
540.350 4.280 133.278
540.370 4.240 168.550
540.380 3.950 165.312
540.390 4.400 123.033
540.400 4.370 149.752
540.420 4.150 152.956
540.430 4.340 135.395
540.440 3.840 139.181
540.450 3.860 156.303
540.460 4.090 147.069
540.470 3.860 145.592
540.480 3.830 130.504
540.490 4.150 154.929
540.530 4.280 124.073
540.610 4.260 151.790
540.650 3.970 167.502
540.660 4.210 144.263
540.680 4.150 146.271
540.690 4.100 169.953
540.720 4.150 137.403
540.730 4.400 143.312
540.750 3.930 154.534
540.770 4.300 130.696
540.800 3.880 138.936
540.820 4.200 121.104
540.830 4.310 155.386
540.870 4.360 167.229
540.880 4.250 131.843
540.890 4.130 166.270
540.900 4.010 157.774
540.930 4.450 125.089
540.940 3.420 121.633
540.950 4.410 150.211
541.020 4.400 166.310
541.030 4.440 163.303
541.040 4.100 153.250
541.050 3.920 148.105
541.060 4.380 131.915
541.080 4.390 140.893
541.090 4.160 139.907
541.100 4.360 159.208
541.110 4.430 124.602
541.140 4.330 138.670
541.160 4.120 148.821
541.170 4.130 144.570
541.190 4.130 148.339
541.200 4.180 162.502
541.220 4.440 136.711
541.230 4.090 144.667
541.250 4.210 131.100
541.260 4.000 131.678
541.330 4.350 155.118
541.350 3.970 140.647
541.390 4.460 143.110
541.470 3.970 175.390
541.490 3.580 145.069
541.500 3.510 153.006
541.520 4.110 137.370
541.530 3.840 148.636
541.540 4.010 142.270
541.560 4.390 135.839
541.570 3.930 159.958
541.600 4.230 145.823
541.610 4.340 121.473
541.630 4.480 132.449
541.700 3.960 140.556
541.730 3.720 134.767
541.780 4.110 140.973
541.790 3.950 124.795
541.800 3.970 168.566
541.810 4.060 148.671
541.820 3.580 169.900
541.830 4.190 146.640
541.920 4.150 169.220
541.940 3.800 154.036
541.970 3.780 156.657
542.010 4.480 128.562
542.030 4.130 161.066
542.040 3.880 143.614
542.050 3.950 150.790
542.060 3.800 144.279
542.070 4.280 147.618
542.100 4.170 145.290
542.230 4.420 157.107
542.240 4.100 156.268
542.250 3.840 150.476
542.290 4.490 143.462
542.330 4.140 142.415
542.340 4.290 144.475
542.350 3.940 143.033
543.320 4.430 145.986
543.370 4.240 146.480
543.380 4.350 126.496
548.760 4.050 126.570
548.840 4.110 135.475
548.870 3.760 146.346
548.880 4.410 141.176
548.890 3.900 164.781
548.920 4.190 122.683
550.010 4.380 121.086
551.080 4.240 123.536
576.580 4.150 128.126
581.050 4.490 132.054
581.350 4.290 127.002
581.370 3.670 154.317
581.380 3.910 120.723
581.390 3.790 150.572
581.410 3.880 139.834
581.420 4.090 128.508
581.440 3.890 120.269
581.540 4.390 144.382
583.350 4.220 120.434
583.910 4.310 126.271
584.710 4.420 122.307
584.750 4.440 129.826
585.040 4.450 146.441
612.440 4.350 151.981
612.530 4.410 137.141
612.550 4.370 143.075
612.710 4.480 136.169
612.800 4.390 146.671
612.830 4.060 120.461
612.840 4.320 144.180
612.850 4.020 146.352
612.860 3.910 156.890
612.870 3.990 171.756
612.880 3.560 151.315
612.890 4.160 163.093
612.900 4.180 157.902
612.910 4.150 145.249
612.920 4.170 160.214
612.940 4.160 135.535
612.950 4.250 143.857
612.960 4.320 156.618
612.980 4.160 139.660
612.990 3.860 155.123
613.000 4.060 137.217
613.010 4.080 152.540
613.020 4.190 159.240
613.030 4.370 159.282
613.050 4.310 132.726
613.060 3.840 170.588
613.070 3.970 155.176
613.080 3.530 121.686
613.090 4.060 160.310
613.100 4.220 168.439
613.110 3.770 140.721
613.120 4.120 152.915
613.130 4.470 160.984
613.150 3.760 127.850
613.160 3.430 129.209
613.170 4.110 158.898
613.180 3.730 134.024
613.190 3.620 145.202
613.200 3.610 125.597
613.210 3.670 156.452
613.220 3.670 141.343
613.230 3.940 144.246
613.240 3.390 147.098
613.250 3.550 131.572
613.260 3.940 137.850
613.270 4.160 156.540
613.280 4.340 150.748
613.290 3.820 150.788
613.300 4.220 133.883
613.310 4.240 160.571
613.320 3.910 143.290
613.330 4.260 153.390
613.340 3.780 137.196
613.350 4.110 166.033
613.360 4.130 122.976
613.370 4.010 135.682
613.380 4.360 134.105
613.420 4.200 154.399
613.510 4.370 122.978
613.530 3.990 148.651
613.540 4.450 155.484
613.550 3.980 144.644
613.570 4.410 143.438
613.580 3.780 126.805
613.590 3.750 150.408
613.600 3.800 153.107
613.610 4.030 130.243
613.620 3.440 140.560
613.630 3.550 149.690
613.640 3.940 139.554
613.650 4.400 125.472
613.660 3.970 139.558
613.670 3.670 164.001
613.680 3.590 159.543
613.690 3.650 148.489
613.720 3.850 146.454
615.760 4.150 125.948
615.800 3.980 151.734
615.810 3.780 135.622
615.820 4.170 168.365
615.840 3.880 124.787
615.850 3.890 165.477
615.870 4.260 140.735
615.880 3.980 157.251
615.890 3.680 146.099
615.900 3.740 142.144
615.910 3.680 128.488
615.920 3.860 155.121
615.930 4.410 123.474
615.940 4.360 147.060
615.960 4.460 130.787
615.980 4.050 163.687
615.990 4.140 145.911
616.000 3.660 131.583
616.010 3.900 161.898
616.020 4.080 167.303
616.040 4.410 121.502
616.050 3.800 128.632
616.060 4.150 133.131
616.070 3.880 159.218
616.080 3.910 151.697
616.090 4.010 147.138
616.100 3.740 158.055
616.120 3.720 136.838
616.130 3.640 138.963
616.140 3.940 149.422
616.150 4.190 172.477
616.170 3.830 137.054
616.180 4.000 126.260
616.190 3.650 152.586
616.200 3.630 149.169
616.210 3.750 152.644
616.220 3.810 129.564
616.230 4.020 157.977
616.240 3.750 156.431
616.250 3.770 142.919
616.260 3.560 166.715
616.270 3.910 159.249
616.280 3.510 135.573
616.290 4.030 149.790
616.300 3.590 120.769
616.350 4.290 148.313
616.360 4.190 149.223
616.370 3.890 148.982
616.380 4.260 140.398
616.390 3.750 152.910
616.400 4.030 161.690
616.410 3.780 152.729
616.420 4.040 154.008
616.430 4.130 161.002
616.440 4.280 168.709
616.450 3.920 131.114
616.460 4.240 138.098
616.480 4.010 122.712
616.490 4.280 132.023
616.530 3.550 144.520
616.550 3.850 149.978
616.560 4.460 124.864
616.660 4.030 140.579
616.670 4.230 147.266
616.700 4.030 139.646
616.710 3.980 134.579
616.720 3.880 149.928
616.730 4.060 150.770
616.740 3.690 127.249
616.760 4.190 154.000
616.770 3.920 141.597
616.780 3.810 139.394
616.790 3.840 129.331
616.810 4.340 134.568
616.830 4.050 127.082
616.870 3.700 124.832
616.890 3.830 141.751
616.910 4.170 127.723
616.920 4.070 121.474
616.930 4.300 164.037
616.970 3.720 155.979
616.980 3.870 155.500
617.010 3.680 148.917
617.020 4.080 136.255
617.030 3.800 160.448
617.040 4.300 133.033
617.060 4.260 123.089
617.070 3.500 140.236
617.080 3.970 128.178
617.100 4.480 146.187
617.110 3.620 131.578
621.190 4.480 126.980
628.180 4.250 120.043
635.090 4.100 151.560
635.120 4.220 127.973
635.130 3.930 149.174
635.150 4.310 132.476
635.160 3.930 161.118
635.220 4.150 132.549
635.240 4.050 136.208
635.250 4.120 131.317
635.270 3.590 122.535
635.280 4.290 146.550
635.300 4.120 150.076
635.310 4.050 149.609
635.320 3.970 147.678
635.330 3.890 126.484
635.340 3.710 143.037
635.350 3.810 139.359
635.400 4.390 121.188
635.440 4.100 125.933
635.520 3.830 132.107
635.530 4.190 127.464
635.550 3.800 141.786
635.570 4.430 141.464
635.590 4.030 138.391
635.650 4.140 140.325
635.660 3.730 120.536
635.670 3.950 156.731
635.680 3.870 125.648
635.690 3.920 146.365
635.720 3.990 125.482
635.730 4.130 130.778
635.750 4.170 135.828
635.760 4.230 136.827
635.860 3.700 134.947
635.880 4.180 124.269
635.900 3.850 129.641
636.770 4.440 162.447
637.010 3.740 144.752
637.080 3.940 145.278
637.090 4.410 142.302
637.190 4.340 121.405
637.240 3.980 139.710
637.250 4.220 127.963
637.260 4.150 130.048
637.270 3.960 135.825
637.340 4.240 139.657
637.350 3.900 139.612
637.370 3.920 153.090
637.380 3.600 159.867
637.420 3.870 152.555
637.430 3.660 150.272
637.470 4.000 157.491
637.480 3.900 162.970
637.490 4.100 131.431
637.500 4.170 134.504
637.510 3.630 145.239
637.520 3.850 142.719
637.530 4.480 150.924
637.540 3.470 153.846
637.550 4.150 140.397
637.560 4.170 153.018
637.570 4.250 139.753
637.580 4.000 126.254
637.630 3.920 136.708
637.650 4.170 123.223
637.660 4.300 131.923
637.670 3.740 144.365
637.680 3.970 151.333
637.690 3.960 149.166
637.700 4.040 137.194
637.710 4.490 143.334
637.720 4.010 143.615
637.730 4.390 154.704
637.740 3.950 136.945
637.760 4.130 139.735
637.770 4.120 143.495
637.780 4.040 142.813
637.800 3.650 152.297
637.810 3.760 127.108
637.820 3.770 137.234
637.980 4.490 128.377
637.990 4.230 163.317
638.020 4.410 146.429
638.100 4.260 122.096
638.110 4.380 140.465
638.130 4.220 137.651
638.140 4.430 134.548
638.150 4.150 123.300
638.170 4.350 125.465
638.240 4.470 136.669
638.280 4.100 142.824
638.310 4.290 128.800
638.500 3.570 125.513
638.520 3.860 133.723
638.540 4.030 144.661
638.620 3.800 149.162
638.640 4.320 145.699
638.680 3.810 125.173
638.690 3.960 127.120
638.700 3.930 122.951
638.730 4.250 133.030
638.740 4.480 129.720
638.770 4.450 148.015
638.820 4.270 129.278
638.830 3.920 150.573
638.940 4.270 125.268
638.950 4.010 147.402
638.960 3.980 125.371
639.110 4.200 129.649
639.190 4.120 128.547
639.260 3.710 142.627
639.270 3.730 143.235
639.280 3.560 156.945
639.290 4.370 135.771
639.310 3.610 152.298
639.320 4.390 133.473
639.330 3.700 122.221
639.340 4.190 153.068
639.360 3.750 128.028
639.370 4.110 142.217
639.390 4.190 130.133
639.480 4.320 146.568
639.490 3.690 150.477
639.500 4.410 142.954
639.520 4.400 136.032
639.530 3.660 129.249
639.540 3.850 132.467
639.570 3.860 154.173
639.580 3.850 120.242
639.600 3.480 139.894
639.630 3.880 139.844
639.650 3.780 125.299
639.680 4.400 128.963
640.420 4.170 131.840
643.520 4.340 138.103
643.550 4.480 175.387
643.570 4.250 128.442
643.590 3.500 155.653
643.760 3.940 149.015
643.780 3.520 142.342
643.790 4.090 135.087
643.800 4.440 142.091
643.810 4.190 125.989
643.820 4.280 151.607
643.830 4.340 150.016
643.840 4.450 152.873
643.850 3.890 162.669
643.860 3.970 129.021
643.870 4.260 139.716
643.880 4.480 144.958
643.900 3.380 131.397
643.910 3.860 144.409
643.920 3.570 151.301
643.950 3.850 134.609
643.960 3.990 140.050
643.980 3.820 146.669
644.000 4.450 166.341
644.010 3.610 141.546
644.040 4.360 137.314
644.100 4.370 144.169
644.120 3.870 128.974
644.190 4.030 141.484
644.200 4.180 127.883
644.230 3.590 145.195
644.240 3.720 130.437
644.270 3.550 127.541
644.280 4.100 122.204
644.300 4.280 142.105
644.310 4.060 120.881
644.340 4.100 125.735
644.350 3.830 143.699
644.360 4.470 122.659
644.370 4.150 133.236
644.380 4.370 143.584
645.540 4.410 131.184
645.560 4.060 149.124
645.570 4.290 173.371
645.580 3.870 134.199
645.590 3.660 130.256
645.630 4.350 130.690
645.640 4.480 157.808
656.190 4.430 155.884
656.200 4.490 131.380
656.220 4.350 150.935
656.230 4.390 150.170
656.250 4.350 158.325
656.260 4.370 145.239
656.270 4.430 130.876
656.310 4.470 130.518
656.320 4.180 121.998
656.370 4.270 141.326
656.500 4.490 164.240
656.870 4.380 140.748
656.970 4.450 138.764
656.990 4.450 129.238
658.250 4.360 126.558
661.760 4.280 132.164
661.790 3.620 151.395
662.020 4.360 131.462
